2 0.0008525529992766678
5 0.0011055200011469424
10 0.0012491579982452095
15 0.0015708740102127194
20 0.0018905230099335313
30 0.001850561995524913
35 0.001716007012873888
40 0.0023924990091472864
45 0.002229334000730887
50 0.0015858540136832744
55 0.0017363600200042129
60 0.0028074860165361315
75 0.003221366001525894
100 0.003649316990049556
110 0.0038427730032708496
125 0.004343751003034413
160 0.00506852098624222
200 0.005916362977586687
230 0.0066450529848225415
250 0.005930220999289304
350 0.01059290100238286
500 0.013533069984987378
600 0.01543887797743082
800 0.03493920899927616
1000 0.044197202019859105
