2 0.00048318400513380766
5 0.0003376249806024134
10 0.0004088489804416895
15 0.00048129400238394737
20 0.0007570910092908889
30 0.0008416349883191288
35 0.0008653879922349006
40 0.0009724099945742637
45 0.0010731109941843897
50 0.0010827940132003278
55 0.002279455977259204
60 0.001901863986859098
75 0.0017356839962303638
100 0.0022693329956382513
110 0.0027919049898628145
125 0.002609671006212011
160 0.0030421249975916
200 0.006020882981829345
230 0.009783145011169836
250 0.008905087976017967
350 0.01144935397314839
500 0.015357489988673478
600 0.026320406992454082
800 0.031968958996003494
1000 0.043964283977402374
