2 0.0014809590065851808
5 0.000843671994516626
10 0.0018617140012793243
15 0.0032691489905118942
20 0.005648698017466813
30 0.011849861009977758
35 0.00225615399540402
40 0.0024049869971349835
45 0.002477889007423073
50 0.003271080000558868
55 0.003941312985261902
60 0.003964998992159963
75 0.00495882099494338
100 0.0059464020014274865
110 0.007112376013537869
125 0.008311746001709253
160 0.01143171000876464
200 0.013351509987842292
230 0.014229476015316322
250 0.01555620101862587
350 0.03015801901347004
500 0.058053633983945474
600 0.14402340300148353
800 0.38166296601411887
1000 0.45883280801353976
