2 0.0004989940207451582
5 0.0005755749880336225
10 0.000591794989304617
15 0.000775106018409133
20 0.0006455410039052367
30 0.0010177560034208
35 0.000901588995475322
40 0.0012089049851056188
45 0.000958121003350243
50 0.0021559660090133548
55 0.002134915004717186
60 0.0027145920030307025
75 0.0029448130226228386
100 0.0038142190023791045
110 0.0038860170170664787
125 0.00462241901550442
160 0.005917416012380272
200 0.004673485993407667
230 0.00726699098595418
250 0.006953201984288171
350 0.010606689000269398
500 0.01302412900258787
600 0.01787475700257346
800 0.03459335697698407
1000 0.04255760298110545
