2 0.0024805420252960175
5 0.0009317160001955926
10 0.0020532479975372553
15 0.005441009998321533
20 0.00760502798948437
30 0.02218286201241426
35 0.0027681050123646855
40 0.0029418710037134588
45 0.003346916986629367
50 0.002490487997420132
55 0.0034224239934701473
60 0.003718054009368643
75 0.003914014989277348
100 0.00491990998852998
110 0.0065156230120919645
125 0.009199339983751997
160 0.011442301998613402
200 0.013038276985753328
230 0.017714454006636515
250 0.02453639099257998
350 0.036702957993838936
500 0.04125036299228668
600 0.0827580869954545
800 0.1907813249854371
1000 0.4291877719806507
