2 0.0013105270045343786
5 0.000950164976529777
10 0.001983382011530921
15 0.0034289280010852963
20 0.006156941002700478
30 0.01142177899600938
35 0.0018006970058195293
40 0.0018513399991206825
45 0.0019440579926595092
50 0.0019385100167710334
55 0.0022428100055549294
60 0.0022824989864602685
75 0.0025413919938728213
100 0.003222400991944596
110 0.0034827619965653867
125 0.003965609997976571
160 0.006572792975930497
200 0.006771282991394401
230 0.006446131999837235
250 0.012139338999986649
350 0.016375845996662974
500 0.025566789001459256
600 0.027349447016604245
800 0.0788077499892097
1000 0.15932839398737997
