2 0.032492244004970416
5 0.01135471899760887
10 0.01183656501234509
15 0.011331618996337056
20 0.00895341599243693
30 0.02288621201296337
35 0.005826545006129891
40 0.00503581200609915
45 0.0026080030074808747
50 0.022916918998816982
55 0.007939362985780463
60 0.005836333992192522
75 0.013720068003749475
100 0.009246775996871293
110 0.012787204992491752
125 0.01352762000169605
160 0.02070996499969624
200 0.01808483901550062
230 0.045896531984908506
250 0.04316612600814551
350 0.030865027016261593
500 0.05295446500531398
600 0.09579095098888502
800 0.2620778109994717
1000 0.4208992070052773
