2 0.0011903020204044878
5 0.0009044780163094401
10 0.0019783290044870228
15 0.0033550189982634038
20 0.00553840200882405
30 0.012075647013261914
35 0.0018921419978141785
40 0.0018447790062054992
45 0.0023428319836966693
50 0.0019153849862050265
55 0.002058613987173885
60 0.002533387014409527
75 0.004003665002528578
100 0.003243009006837383
110 0.004026284994324669
125 0.005103061004774645
160 0.006463265977799892
200 0.006188084982568398
230 0.008530762017471716
250 0.008594529994297773
350 0.015149514976656064
500 0.03259949400671758
600 0.03144066498498432
800 0.08582489201216958
1000 0.14116289300727658
