2 0.0014149009948596358
5 0.0012097959988750517
10 0.003277353011071682
15 0.003591579996282235
20 0.006013681006152183
30 0.01238368998747319
35 0.0030906999891158193
40 0.0020337530004326254
45 0.0020544430008158088
50 0.0019324730092193931
55 0.0027914240199606866
60 0.0023142879945226014
75 0.0027792959881480783
100 0.0033757640048861504
110 0.004482949007069692
125 0.005137489992193878
160 0.0058442770096007735
200 0.008389078982872888
230 0.010282370989443734
250 0.011963017983362079
350 0.020918652997352183
500 0.04003306198865175
600 0.08413529201061465
800 0.11512008402496576
1000 0.3099219180003274
