2 0.0014160340069793165
5 0.0012580250040628016
10 0.002602409978862852
15 0.003379592002602294
20 0.006304743001237512
30 0.011867508990690112
35 0.0018997099832631648
40 0.002442574012093246
45 0.0019451200205367059
50 0.0020579319971147925
55 0.0021402660058811307
60 0.0023646769986953586
75 0.0023269169905688614
100 0.00317414099117741
110 0.0032961310062091798
125 0.00411612301832065
160 0.004697071010014042
200 0.0055591769923921674
230 0.007280496996827424
250 0.00887456300552003
350 0.01327985100215301
500 0.03845809301128611
600 0.040256972977658734
800 0.06396202300675213
1000 0.25264509199769236
