2 0.0126966200186871
5 0.004700141987996176
10 0.002162195014534518
15 0.0041338090086355805
20 0.010456738993525505
30 0.02685477799968794
35 0.0056145970011129975
40 0.0040120680059771985
45 0.005007809988455847
50 0.014868514001136646
55 0.005684297997504473
60 0.005773753015091643
75 0.009623089979868382
100 0.010700907005229965
110 0.015172012994298711
125 0.011406840989366174
160 0.032354025985114276
200 0.020075658976566046
230 0.015147969999816269
250 0.021764514996903017
350 0.02508520198171027
500 0.09784686798229814
600 0.08386939400224946
800 0.21175733499694616
1000 0.5415028550196439
