2 0.007360591989709064
5 0.002637778001371771
10 0.0038551829929929227
15 0.006991161993937567
20 0.022912201995495707
30 0.06531887498567812
35 0.01966506999451667
40 0.003592076012864709
45 0.004936516983434558
50 0.005153550999239087
55 0.0038765489880461246
60 0.005850061017554253
75 0.005562083999393508
100 0.007877040014136583
110 0.011276586999883875
125 0.010321415000362322
160 0.008034299011342227
200 0.016202089987928048
230 0.01965419400949031
250 0.014398091996554285
350 0.024338274990441278
500 0.03960384998936206
600 0.07997375898412429
800 0.16543274198193103
1000 0.2476850429957267
