2 0.0009924779878929257
5 0.00048944799345918
10 0.0005894940113648772
15 0.0011740040208678693
20 0.0010028569959104061
30 0.0014100040134508163
35 0.0013671130000147969
40 0.0030730459839105606
45 0.0019866179791279137
50 0.0015392639907076955
55 0.0015101009921636432
60 0.0021337200014386326
75 0.0020984470029361546
100 0.0024883980222512037
110 0.002195553999627009
125 0.0024211450072471052
160 0.003074287000345066
200 0.003679623012430966
230 0.00554653798462823
250 0.004172807006398216
350 0.0062974120082799345
500 0.013652772991918027
600 0.0218615060148295
800 0.03417633898789063
1000 0.0681369419908151
