2 0.0004683290026150644
5 0.0005843029939569533
10 0.0009921879973262548
15 0.0008598949934821576
20 0.0010789860098157078
30 0.0009828390029724687
35 0.0011517340026330203
40 0.0013322019949555397
45 0.0019862109911628067
50 0.001908139995066449
55 0.0018011310021393
60 0.0027206579979974777
75 0.00266749897855334
100 0.002725833997828886
110 0.0037443350011017174
125 0.004533325001830235
160 0.0053681709978263825
200 0.005832827999256551
230 0.006630240997765213
250 0.006965287000639364
350 0.0077923969947732985
500 0.019945281004766002
600 0.023958893987582996
800 0.034739104012260213
1000 0.051066649990389124
