2 0.0213991760101635
5 0.0028682810079772025
10 0.002577577019110322
15 0.0018619940092321485
20 0.002188922982895747
30 0.005205609981203452
35 0.003233027004171163
40 0.002131311979610473
45 0.0025050269905477762
50 0.002783873991575092
55 0.0028008410008624196
60 0.0039700870111119
75 0.005118611006764695
100 0.0047242520086001605
110 0.002787977980915457
125 0.00429715498466976
160 0.013093103014398366
200 0.00765348001732491
230 0.006787720980355516
250 0.007404448988381773
350 0.01281917400774546
500 0.08497520801029168
600 0.027958480000961572
800 0.06406095999409445
1000 0.08468724897829816
