2 0.0007987650169525295
5 0.0010127730201929808
10 0.001223858998855576
15 0.0008798069902695715
20 0.0010762170131783932
30 0.004078443016624078
35 0.002025603025685996
40 0.0048403830151073635
45 0.0021080339793115854
50 0.006042011023964733
55 0.004360396997071803
60 0.0029779009928461164
75 0.003928550984710455
100 0.003690811980050057
110 0.0056973939936142415
125 0.004932262992952019
160 0.005302784993546084
200 0.015013935015304014
230 0.00732290800078772
250 0.009272477007471025
350 0.015676139999413863
500 0.03006433299742639
600 0.027495743008330464
800 0.07358139101415873
1000 0.14052500799880363
