2 0.0046856930130161345
5 0.0017912370094563812
10 0.003561441000783816
15 0.006461061013396829
20 0.00886513400473632
30 0.21997967999777757
35 0.002655766991665587
40 0.002863125002477318
45 0.002489687001798302
50 0.00441506298375316
55 0.00505742197856307
60 0.004983371996786445
75 0.003998308005975559
100 0.006727622996550053
110 0.007249210000736639
125 0.007981375994859263
160 0.006868221011245623
200 0.008456278999801725
230 0.0101595809974242
250 0.012656586011871696
350 0.026515151985222474
500 0.056671171012567356
600 0.10188193499925546
800 0.19557343699852936
1000 0.39928903098916635
