2 0.002634927979670465
5 0.0012390330084599555
10 0.0020989090262446553
15 0.00399265400483273
20 0.0068645430146716535
30 0.017449323000619188
35 0.002939354017144069
40 0.0037317120004445314
45 0.003423358022700995
50 0.004840743989916518
55 0.004602598986821249
60 0.005122617003507912
75 0.008857958018779755
100 0.010774822992971167
110 0.008058765000896528
125 0.013403297984041274
160 0.01230399400810711
200 0.012004288990283385
230 0.021857540006749332
250 0.01877140300348401
350 0.03521109800203703
500 0.05131961600272916
600 0.09657950501423329
800 0.22785525300423615
1000 0.586229075997835
