2 0.0005337269976735115
5 0.0007146970019675791
10 0.001045070996042341
15 0.0010572370083536953
20 0.001222749997396022
30 0.0015037370030768216
35 0.0014873270120006055
40 0.0018855119997169822
45 0.0021582850022241473
50 0.002454601984936744
55 0.0026668100035749376
60 0.0026690719823818654
75 0.003131514007691294
100 0.0039987250056583434
110 0.003919315000530332
125 0.004742454999359325
160 0.005602574005024508
200 0.007089480001013726
230 0.007593393995193765
250 0.007211686985101551
350 0.012018456996884197
500 0.010493056994164363
600 0.014837714988971129
800 0.028719383000861853
1000 0.037353624997194856
