2 0.03609981099725701
5 0.006633648998104036
10 0.004746596998302266
15 0.009193772013531998
20 0.01609131699660793
30 0.030661937984405085
35 0.008731881011044607
40 0.002607783011626452
45 0.006049133982742205
50 0.014587210986064747
55 0.005263850005576387
60 0.005279542994685471
75 0.010041142988484353
100 0.006142446014564484
110 0.0068464189826045185
125 0.00939017700147815
160 0.008952703006798401
200 0.027526018995558843
230 0.013987133977934718
250 0.0975912400172092
350 0.025109907990554348
500 0.044684607011731714
600 0.08372411798336543
800 0.15297939200536348
1000 0.4854628040047828
