2 0.0008071400225162506
5 0.000507943012053147
10 0.0026469930016901344
15 0.0013746850017923862
20 0.0008427839784417301
30 0.0008870830060914159
35 0.003053676977287978
40 0.0019658209930639714
45 0.0040478969749528915
50 0.002949412999441847
55 0.0037788620102219284
60 0.004114393988857046
75 0.006132834008894861
100 0.004471253982046619
110 0.006399159989086911
125 0.007185269991168752
160 0.007082449999870732
200 0.007736304018180817
230 0.007427506992826238
250 0.009646935999626294
350 0.012701366998953745
500 0.013313342991750687
600 0.01616708902292885
800 0.03555565100396052
1000 0.05471614998532459
