2 0.0005178280116524547
5 0.0011513979989103973
10 0.0009578040044289082
15 0.0011422880052123219
20 0.0007987119897734374
30 0.0006417219992727041
35 0.0011692690022755414
40 0.0019251219928264618
45 0.002220688998932019
50 0.0016729970229789615
55 0.0019931239949073642
60 0.0032729189842939377
75 0.0027097999991383404
100 0.002644912019604817
110 0.0038446740072686225
125 0.004381025995826349
160 0.005116040003485978
200 0.004490027989959344
230 0.006816588982474059
250 0.008625885006040335
350 0.01142404499114491
500 0.014317972003482282
600 0.016697860992280766
800 0.04573723499197513
1000 0.050092336983652785
