2 0.00045453800703398883
5 0.0005545850144699216
10 0.000961445999564603
15 0.0008899919921532273
20 0.0011042859987355769
30 0.0011345889943186194
35 0.0012937879946548492
40 0.0012951589887961745
45 0.0023467009887099266
50 0.002161701995646581
55 0.0027983119944110513
60 0.0027897469990421087
75 0.003215505013940856
100 0.0034182989911641926
110 0.00395038299029693
125 0.004531087994109839
160 0.0053174300119280815
200 0.005626290978398174
230 0.0067495270050130785
250 0.007151832018280402
350 0.008456768991891295
500 0.011512308003148064
600 0.014082669978961349
800 0.03749696401064284
1000 0.042447813000762835
