2 0.00046705399290658534
5 0.0005853910115547478
10 0.0006970410177018493
15 0.0010116860212292522
20 0.0009608909895177931
30 0.0012839310220442712
35 0.001266083010705188
40 0.0013729510246776044
45 0.0033281409996561706
50 0.002154904999770224
55 0.003204931999789551
60 0.0029852130101062357
75 0.003202079009497538
100 0.004516627988778055
110 0.003964373987400904
125 0.004304517002310604
160 0.005159972992260009
200 0.005663788004312664
230 0.007298379990970716
250 0.007499528001062572
350 0.009056233015144244
500 0.012492512003518641
600 0.01748221699381247
800 0.02912220501457341
1000 0.04836231199442409
