2 0.005182177003007382
5 0.0021771489991806448
10 0.007969405996846035
15 0.006662897008936852
20 0.010102650005137548
30 0.020980162982596084
35 0.0030269450217019767
40 0.0019578140054363757
45 0.0020859779906459153
50 0.0021119439916219562
55 0.0023016649938654155
60 0.0025273410137742758
75 0.004507594974711537
100 0.003827571985311806
110 0.0045821130042895675
125 0.005277664982713759
160 0.007693699997616932
200 0.008271369006251916
230 0.009765666996827349
250 0.015553593024378642
350 0.027513482986250892
500 0.03260975799639709
600 0.07452570999157615
800 0.26105266000377014
1000 0.4228354840015527
