2 0.023880016000475734
5 0.003476743004284799
10 0.011338618991430849
15 0.037485472013941035
20 0.012636833009310067
30 0.03474823699798435
35 0.020610226987628266
40 0.0043492160039022565
45 0.0040631809970363975
50 0.008624971000244841
55 0.004646512010367587
60 0.00632498599588871
75 0.005473639990668744
100 0.006959939986700192
110 0.007399403024464846
125 0.006448042986448854
160 0.009074133995454758
200 0.013164938980480656
230 0.016357065993361175
250 0.01353802700759843
350 0.027879984001629055
500 0.05024712599697523
600 0.06379720600671135
800 0.12017266298062168
1000 0.32890507800038904
