2 0.0016522420046385378
5 0.0008674999990034848
10 0.002077179990010336
15 0.0033860070107039064
20 0.007707973010838032
30 0.013878147001378238
35 0.001767303008818999
40 0.0019883580098394305
45 0.0019155780028086156
50 0.0020661120070144534
55 0.0021816319786012173
60 0.0024206420057453215
75 0.0030618820164818317
100 0.005093930987641215
110 0.005745545000536367
125 0.008895392005797476
160 0.010396267985925078
200 0.011330815003020689
230 0.016295968991471455
250 0.01728105900110677
350 0.028374649002216756
500 0.05066047399304807
600 0.08263309599715285
800 0.21947428199928254
1000 0.2965969409851823
