2 0.0016709969786461443
5 0.0008761899953242391
10 0.0022154890175443143
15 0.0033967380004469305
20 0.009135764994425699
30 0.016904370015254244
35 0.0021604420035146177
40 0.003035722009371966
45 0.0030270149873103946
50 0.0034845040063373744
55 0.0037326670135371387
60 0.003820071986410767
75 0.005014647002099082
100 0.006553977989824489
110 0.0063153450028039515
125 0.006739355012541637
160 0.009271005023038015
200 0.010985142987919971
230 0.011857845005579293
250 0.013225024013081565
350 0.02302416699239984
500 0.32515298400539905
600 0.07487684299121611
800 0.14476884598843753
1000 0.2860315700236242
