2 0.000536003994056955
5 0.0007622630218975246
10 0.0009854160016402602
15 0.0008854279876686633
20 0.0009429260098841041
30 0.0013886210217606276
35 0.0014113889774307609
40 0.0014219519798643887
45 0.0021973969996906817
50 0.0025358569982927293
55 0.0025553180021233857
60 0.0030441400012932718
75 0.003148290008539334
100 0.0035088559961877763
110 0.003941450995625928
125 0.004391307011246681
160 0.004971977003151551
200 0.005849091976415366
230 0.006837396998889744
250 0.007344130979618058
350 0.006722835008986294
500 0.011945072008529678
600 0.01874545801547356
800 0.041584891005186364
1000 0.06560142899979837
