2 0.002089068992063403
5 0.0009989820246119052
10 0.0032461459923069924
15 0.0044492839951999485
20 0.010838692978722975
30 0.022703341994201764
35 0.0023194790119305253
40 0.002479556977050379
45 0.002234903018688783
50 0.002506829972844571
55 0.0030702600197400898
60 0.0026833550073206425
75 0.0031937450112309307
100 0.006172208988573402
110 0.009955874003935605
125 0.010119682003278285
160 0.008800723997410387
200 0.012090399977751076
230 0.017059247009456158
250 0.0210419459908735
350 0.028526649984996766
500 0.050073643011273816
600 0.10520437499508262
800 0.2593755559937563
1000 0.7823348020028789
