2 0.001726882008370012
5 0.0008875589992385358
10 0.0019046530069317669
15 0.0034040389873553067
20 0.005745575996115804
30 0.011415868997573853
35 0.0017017039936035872
40 0.0016961830260697752
45 0.0019022080232389271
50 0.0020246049971319735
55 0.0023734459828119725
60 0.003160449006827548
75 0.004739900992717594
100 0.004877908999333158
110 0.005656904977513477
125 0.008546327997464687
160 0.010997411998687312
200 0.012498664989834651
230 0.01601242000469938
250 0.01667447801446542
350 0.022943944000871852
500 0.05192438801168464
600 0.11627545801457018
800 0.31227600399870425
1000 0.356262749992311
