2 0.001571478002006188
5 0.0008664240012876689
10 0.0017855569894891232
15 0.0032361960038542747
20 0.006154592003440484
30 0.018583159981062636
35 0.002751889987848699
40 0.003073978004977107
45 0.003438615007326007
50 0.0034992439905181527
55 0.004071790986927226
60 0.003888075996655971
75 0.004888750991085544
100 0.004892713011940941
110 0.008526265010004863
125 0.007350578001933172
160 0.006750680011464283
200 0.010806739010149613
230 0.012521138007286936
250 0.0175671280012466
350 0.01724657099111937
500 0.03952041099546477
600 0.05012059700675309
800 0.13417330299853347
1000 0.3920227570051793
