2 0.0006426559993997216
5 0.0008878930239006877
10 0.00145844800863415
15 0.0009332860063295811
20 0.000993210996966809
30 0.0016795660194475204
35 0.002164536010241136
40 0.0020463649998418987
45 0.0021038920094724745
50 0.002342794992728159
55 0.002250357996672392
60 0.0027270519931335002
75 0.0030479679990094155
100 0.004135605006013066
110 0.004235044994857162
125 0.004852656013099477
160 0.009929601015755907
200 0.0072913280164357275
230 0.007565272011561319
250 0.008339521009474993
350 0.008875551982782781
500 0.01266326499171555
600 0.01581793901277706
800 0.03279534899047576
1000 0.04442797999945469
