2 0.0004531370068434626
5 0.0006044890033081174
10 0.0007256210083141923
15 0.0009054740075953305
20 0.0010870679980143905
30 0.0010408000089228153
35 0.00133117800578475
40 0.001418656000168994
45 0.002117045019986108
50 0.0023985609877854586
55 0.0023586199968121946
60 0.0029794040019623935
75 0.003415022016270086
100 0.003941183997085318
110 0.002761915005976334
125 0.004408009990584105
160 0.0049832390213850886
200 0.003858862997731194
230 0.006874814978800714
250 0.005745097994804382
350 0.006067198992241174
500 0.010552311985520646
600 0.014226503000827506
800 0.03806127398274839
1000 0.04163846300798468
