2 0.0023920189996715635
5 0.0011279539903625846
10 0.0019824719929601997
15 0.0037406870105769485
20 0.008979285979876295
30 0.015514897997491062
35 0.002351439994527027
40 0.0033484869927633554
45 0.003283250000094995
50 0.0035268409992568195
55 0.0035296349960844964
60 0.004150922002736479
75 0.004583066998748109
100 0.0063476279901806265
110 0.006717765005305409
125 0.007455033017322421
160 0.01017068701912649
200 0.013965350983198732
230 0.012910643010400236
250 0.014937771979020908
350 0.03246196798863821
500 0.0689977329748217
600 0.12447107702610083
800 0.24446555998292752
1000 0.4204331149812788
