2 0.000473680003779009
5 0.00041612499626353383
10 0.00043699401430785656
15 0.0007029289845377207
20 0.0005483000131789595
30 0.0008356100006494671
35 0.0007435459992848337
40 0.000925727974390611
45 0.0008401339873671532
50 0.0010598920052871108
55 0.002148133993614465
60 0.0024298139906022698
75 0.003412229008972645
100 0.004038160986965522
110 0.005590961984125897
125 0.005737659987062216
160 0.005426840973086655
200 0.006658536993199959
230 0.007608038984471932
250 0.005610246997093782
350 0.008275995001895353
500 0.015258781000738963
600 0.019748443010030314
800 0.03267158701783046
1000 0.056775228993501514
