2 0.0007887909887358546
5 0.001805935986340046
10 0.001336221001110971
15 0.0009279760124627501
20 0.0013928220141679049
30 0.001873846020316705
35 0.0025599020009394735
40 0.004001749999588355
45 0.00645496099605225
50 0.0030683120130561292
55 0.004211254010442644
60 0.01188066799659282
75 0.002139799005817622
100 0.00334398599807173
110 0.003870297019602731
125 0.0042502679862082005
160 0.006690590002108365
200 0.006430448993341997
230 0.007240562990773469
250 0.007490043004509062
350 0.010422666993690655
500 0.10155496900551952
600 0.038886277994606644
800 0.04269055201439187
1000 0.062317034986335784
