2 0.0015529939846601337
5 0.0008198060095310211
10 0.0018729309958871454
15 0.0033511079964227974
20 0.0055645469983574
30 0.011236835009185597
35 0.0018661970098037273
40 0.0017276979924645275
45 0.0018985469941981137
50 0.002023023000219837
55 0.0021302450040820986
60 0.0024405829899478704
75 0.0033914329833351076
100 0.004399119992740452
110 0.004926175985019654
125 0.008932567987358198
160 0.012275738001335412
200 0.01721910000196658
230 0.02256501599913463
250 0.023164610989624634
350 0.030614907998824492
500 0.08206502100802027
600 0.18917122000129893
800 0.32753141401917674
1000 0.671915748011088
