2 0.001509900001110509
5 0.0008578120032325387
10 0.0018993339908774942
15 0.0033120469888672233
20 0.0061909210053272545
30 0.011598576995311305
35 0.0017388470005244017
40 0.002599970990559086
45 0.0032149030012078583
50 0.002309985982719809
55 0.0023445120023097843
60 0.0024491689982824028
75 0.003904432989656925
100 0.004687287000706419
110 0.005423422990133986
125 0.0063411970040760934
160 0.008095871016848832
200 0.025839996989816427
230 0.031116710015339777
250 0.02919660200132057
350 0.05120079801417887
500 0.10315564900520258
600 0.1728199269855395
800 0.4829821159946732
1000 0.7842724229849409
