2 0.0016615990025456995
5 0.00118467299034819
10 0.0037762739812023938
15 0.005083686992293224
20 0.010672008997062221
30 0.013385119003942236
35 0.0029080259846523404
40 0.0020097430096939206
45 0.002109291002852842
50 0.0020212210074532777
55 0.002229547011666
60 0.002305440983036533
75 0.0026409749989397824
100 0.0029944769921712577
110 0.0031347660114988685
125 0.004685683001298457
160 0.00917038501938805
200 0.01000885697430931
230 0.009395342989591882
250 0.015272219985490665
350 0.012506980972830206
500 0.02911005201167427
600 0.02996750400052406
800 0.05646181001793593
1000 0.10883796800044365
