2 0.00046017501153983176
5 0.0006086530047468841
10 0.0009772800258360803
15 0.0008752139983698726
20 0.0011794969905167818
30 0.0010282029979862273
35 0.0013174120103940368
40 0.0013359780132304877
45 0.0017051259928848594
50 0.002155458991182968
55 0.0020829489803873003
60 0.0017511239857412875
75 0.002934028976596892
100 0.002418060990748927
110 0.003780790022574365
125 0.00445411098189652
160 0.00536517400178127
200 0.006386298016877845
230 0.008233458996983245
250 0.007062235003104433
350 0.01532935700379312
500 0.019170058018062264
600 0.0297315230127424
800 0.060571059002541006
1000 0.0932165720150806
