2 0.0005699599860236049
5 0.0008847059798426926
10 0.0009741100075189024
15 0.0009495120029896498
20 0.0014162790030241013
30 0.0012576429871842265
35 0.0014763389772269875
40 0.002338839985895902
45 0.003174462995957583
50 0.00401538101141341
55 0.0019845289934892207
60 0.002506477991119027
75 0.002913060976425186
100 0.0027205910009797662
110 0.003620594012318179
125 0.004112361988518387
160 0.005147657997440547
200 0.0045139589929021895
230 0.005308314983267337
250 0.006787449994590133
350 0.011355994996847585
500 0.012392528005875647
600 0.01570199799607508
800 0.0305606959736906
1000 0.05640941101592034
