2 0.0014104259898886085
5 0.0008940699917729944
10 0.0019124980026390404
15 0.003353592997882515
20 0.0055621659848839045
30 0.013907941989600658
35 0.004658595978980884
40 0.003217115008737892
45 0.002162399992812425
50 0.0022499360202345997
55 0.002377919008722529
60 0.002584149013273418
75 0.002946216001873836
100 0.003740543994354084
110 0.003983917995356023
125 0.0048854109772946686
160 0.006401341001037508
200 0.008566917007556185
230 0.010505416983505711
250 0.012920178996864706
350 0.02855133099365048
500 0.048534984001889825
600 0.0965531489928253
800 0.12027538899565116
1000 0.22574631901807152
