2 0.0009469860233366489
5 0.0004182079865131527
10 0.00042568001663312316
15 0.0006934190168976784
20 0.0005493270000442863
30 0.001102612994145602
35 0.0008544209995307028
40 0.0021369149908423424
45 0.00212819199077785
50 0.0022729009797330946
55 0.0020107970049139112
60 0.0026337910094298422
75 0.003091795981163159
100 0.003760488994885236
110 0.004050648014526814
125 0.004081633000168949
160 0.0056690780038479716
200 0.0053313670214265585
230 0.008711119997315109
250 0.008221842988859862
350 0.012211445020511746
500 0.014852124004391953
600 0.017759531998308375
800 0.03878088801866397
1000 0.056036040012259036
