2 0.0018152939737774432
5 0.0012431240174919367
10 0.014345125993713737
15 0.011115068977233022
20 0.013967659004265442
30 0.03967021801508963
35 0.00542302499525249
40 0.008193993009626865
45 0.006286595016717911
50 0.0068489990080706775
55 0.006158880016300827
60 0.007437983003910631
75 0.00722727898391895
100 0.007836816017515957
110 0.010337393992813304
125 0.01203791200532578
160 0.01662625401513651
200 0.01322067598812282
230 0.017746132012689486
250 0.025713212991831824
350 0.02540006098570302
500 0.04302159999497235
600 0.03609280800446868
800 0.0556850110006053
1000 0.10539461599546485
