2 0.0011853410105686635
5 0.001170286996057257
10 0.001423209992935881
15 0.0024083690077532083
20 0.0015586100053042173
30 0.001788158988347277
35 0.0017335280135739595
40 0.0026805079833138734
45 0.004356964986072853
50 0.0026027249987237155
55 0.0047504430112894624
60 0.006769749976228923
75 0.00360632999218069
100 0.007054424990201369
110 0.006624333007493988
125 0.005425012990599498
160 0.006130333000328392
200 0.005817836994538084
230 0.006059629988158122
250 0.008417941018706188
350 0.014436636003665626
500 0.015949407999869436
600 0.03399744999478571
800 0.055290087999310344
1000 0.08766582599491812
