2 0.0004964070103596896
5 0.0005629509978462011
10 0.0006101700128056109
15 0.0007553930045105517
20 0.0006810249760746956
30 0.0010161299724131823
35 0.0008529940096195787
40 0.0010589160083327442
45 0.001241496007423848
50 0.001700760010862723
55 0.001657074986724183
60 0.002224742987891659
75 0.0028944899968337268
100 0.0033103179885074496
110 0.0031269759929273278
125 0.0041201839921996
160 0.005426932009868324
200 0.0060902519908268005
230 0.005587691004620865
250 0.007562536979094148
350 0.010655451013008133
500 0.011824540997622535
600 0.013456991990096867
800 0.030437791981967166
1000 0.03953628201270476
