2 0.0014219580043572932
5 0.0008093919896055013
10 0.00182055399636738
15 0.00332788098603487
20 0.005590865999693051
30 0.010949496005196124
35 0.002096755983075127
40 0.00178829999640584
45 0.0023841900110710412
50 0.003246784006478265
55 0.0024422259884886444
60 0.0042376089841127396
75 0.004334180004661903
100 0.007737470994470641
110 0.008260010014055297
125 0.0069995179947
160 0.012727902008919045
200 0.016240288998233154
230 0.019930120994104072
250 0.028010402980726212
350 0.20511570700909942
500 0.11928123800316826
600 0.16969218099256977
800 0.3559561619767919
1000 0.7055866989830974
