2 0.03064839798025787
5 0.007627750019310042
10 0.0023542630078736693
15 0.0045505359885282815
20 0.006266490992857143
30 0.014472426992142573
35 0.015384216996608302
40 0.005059809016529471
45 0.004604888992616907
50 0.004875650018220767
55 0.003796735982177779
60 0.004013907018816099
75 0.008192021981813014
100 0.0061628219846170396
110 0.005081531009636819
125 0.005333455017535016
160 0.010761279001599178
200 0.011323932005325332
230 0.01503992298967205
250 0.020493283023824915
350 0.03689063701312989
500 0.055642377003096044
600 0.17048788198735565
800 0.19084857200505212
1000 0.23839515500003472
