2 0.002942532009910792
5 0.001059800008079037
10 0.007133555016480386
15 0.004907733004074544
20 0.011503936984809116
30 0.019572753983084112
35 0.002874108002288267
40 0.002480944007402286
45 0.005353076005121693
50 0.005131854006322101
55 0.0061876680119894445
60 0.0045483779977075756
75 0.007534789008786902
100 0.006187761988257989
110 0.007387616002233699
125 0.011998311994830146
160 0.01010584901086986
200 0.0137403050030116
230 0.016902964998735115
250 0.029135647986549884
350 0.039628405997063965
500 0.10153723700204864
600 0.14279195299604908
800 0.22901803700369783
1000 0.441160624002805
