2 0.0012721710081677884
5 0.0008870510209817439
10 0.001964915980352089
15 0.0033296759938821197
20 0.006914805009728298
30 0.011511528020491824
35 0.0018305609992239624
40 0.0019204669806640595
45 0.0021320410014595836
50 0.002129783999407664
55 0.0022621109965257347
60 0.0025574009923730046
75 0.0027774960035458207
100 0.0036513659870252013
110 0.004098884004633874
125 0.00973392601008527
160 0.00691347400425002
200 0.010261809977237135
230 0.0129907299997285
250 0.01639684900874272
350 0.030079624993959442
500 0.08310153198544867
600 0.15009356901282445
800 0.24166293398593552
1000 0.49081341599230655
