2 0.009386144985910505
5 0.004475652007386088
10 0.003904380981111899
15 0.005715412989957258
20 0.009835642005782574
30 0.019843318994389847
35 0.009393340995302424
40 0.003844452992780134
45 0.00350938001065515
50 0.005569678993197158
55 0.004004010988865048
60 0.004300380009226501
75 0.006389018992194906
100 0.006089859001804143
110 0.007953685999382287
125 0.00800875699496828
160 0.011305307998554781
200 0.01652510999701917
230 0.023845890013035387
250 0.03087963699363172
350 0.07112807099474594
500 0.12152906702249311
600 0.1527420729980804
800 0.25646255299216136
1000 0.5689207950199489
