2 0.0015944769838824868
5 0.0014244509802665561
10 0.0020257720025256276
15 0.003982488007750362
20 0.005427752010291442
30 0.01088877601432614
35 0.001776754012098536
40 0.00181090398109518
45 0.0019053569994866848
50 0.002104351995512843
55 0.0023043239780236036
60 0.0024552310060244054
75 0.0028054829745087773
100 0.0034731319756247103
110 0.011611326015554368
125 0.008741110999835655
160 0.009448169003007933
200 0.01188232601271011
230 0.01760321098845452
250 0.017460645001847297
350 0.02876488701440394
500 0.0464123860001564
600 0.07051591700292192
800 0.11437187300180085
1000 0.20721766099450178
