2 0.0039252000278793275
5 0.0018783080158755183
10 0.003750346979359165
15 0.0072666319902054965
20 0.011272217001533136
30 0.027433523995568976
35 0.003032695996807888
40 0.003201266983523965
45 0.0035294969857204705
50 0.006308235024334863
55 0.004720917000668123
60 0.0048950119817163795
75 0.005630305997328833
100 0.007915713998954743
110 0.008073868026258424
125 0.0089043999905698
160 0.012995352008147165
200 0.016100205975817516
230 0.030730845988728106
250 0.05637139797909185
350 0.04393281100783497
500 0.08659711899235845
600 0.1646704009908717
800 0.3799527780211065
1000 0.9160170130198821
