2 0.000477935973322019
5 0.0005851530004292727
10 0.0010190049943048507
15 0.000902075000340119
20 0.0010991629969794303
30 0.0010802739998325706
35 0.0012682050000876188
40 0.001269817992579192
45 0.0023093060008250177
50 0.0027366550057195127
55 0.0024724289833102375
60 0.002723374986089766
75 0.0033222550118807703
100 0.0030781649984419346
110 0.0032183389994315803
125 0.004742482007713988
160 0.005798854981549084
200 0.0067948510113637894
230 0.007011342997429892
250 0.007917508977698162
350 0.009988878009608015
500 0.01876492699375376
600 0.016872850013896823
800 0.025228401995263994
1000 0.0410452299984172
