2 0.0006299589877016842
5 0.0010200389951933175
10 0.0006871309888083488
15 0.0007261459832079709
20 0.0007953760214149952
30 0.000908945978153497
35 0.0010265700111631304
40 0.0011328230029903352
45 0.0024129309749696404
50 0.003336998983286321
55 0.001903962023789063
60 0.0024952660023700446
75 0.0029258509748615324
100 0.0032588239992037416
110 0.00409126200247556
125 0.003774267010157928
160 0.005173015990294516
200 0.005805370019515976
230 0.006846694013802335
250 0.00622346400632523
350 0.010413562995381653
500 0.014887872996041551
600 0.05644304200541228
800 0.04027514497283846
1000 0.043187132017919794
