2 0.0027930289797950536
5 0.0015738340152893215
10 0.0020806830143556
15 0.006564515002537519
20 0.009207910974510014
30 0.02022671198938042
35 0.0028052130073774606
40 0.004094238014658913
45 0.0037659490189980716
50 0.0036809129815082997
55 0.004422149999300018
60 0.003285165992565453
75 0.005459450010675937
100 0.006643092987360433
110 0.0061832339852117
125 0.007920473988633603
160 0.008272237988421693
200 0.013323642982868478
230 0.011677872011205181
250 0.01703935701516457
350 0.027411224000388756
500 0.04695961900870316
600 0.08107547098188661
800 0.13199775700923055
1000 0.2876216779986862
