2 0.00047367901424877346
5 0.0005829450092278421
10 0.0011677709990181029
15 0.0008617900020908564
20 0.0011018050136044621
30 0.0010669539915397763
35 0.0013548519928008318
40 0.002160500007448718
45 0.002201857016189024
50 0.0019331570074427873
55 0.0018754219927359372
60 0.0017858959909062833
75 0.0024833230127114803
100 0.0022102170041762292
110 0.003491004026727751
125 0.0041397520108148456
160 0.005166745017049834
200 0.006374242977472022
230 0.006744428013917059
250 0.007282514008693397
350 0.008637938008178025
500 0.012598948989761993
600 0.01644351502181962
800 0.037724828987848014
1000 0.05146287698880769
