2 0.0011775789898820221
5 0.0010113439930137247
10 0.0020237949793227017
15 0.006026279006619006
20 0.008582050009863451
30 0.016584014985710382
35 0.002304876979906112
40 0.001930069993250072
45 0.002273429010529071
50 0.002160642994567752
55 0.0027126549975946546
60 0.0025775450048968196
75 0.002945522981463
100 0.004042626009322703
110 0.005038605013396591
125 0.004983949009329081
160 0.008110051014227793
200 0.01280011999187991
230 0.017773604980902746
250 0.017393792018992826
350 0.039509569003712386
500 0.0791280829871539
600 0.11642973200650886
800 0.2148894720012322
1000 0.4107279739982914
