2 0.0014613970124628395
5 0.0009559800091665238
10 0.0019411870162002742
15 0.00336600499576889
20 0.005616754002403468
30 0.01652248398750089
35 0.002647387998877093
40 0.0020012739987578243
45 0.0019724969752132893
50 0.0023619289859198034
55 0.002344609994906932
60 0.002542663976782933
75 0.00280041599762626
100 0.003730814001755789
110 0.004153476998908445
125 0.004584374983096495
160 0.010970316012389958
200 0.011423698015278205
230 0.013297333003720269
250 0.017376361996866763
350 0.06775235600071028
500 0.05478256900096312
600 0.20140458599780686
800 0.6849905150011182
1000 0.2058824289997574
