2 0.0023232169914990664
5 0.0013526440015994012
10 0.001957117987331003
15 0.005247476015938446
20 0.006171485991217196
30 0.019933915988076478
35 0.0021497519919648767
40 0.00266307799029164
45 0.003444870002567768
50 0.003056078974623233
55 0.003420986991841346
60 0.0037086959928274155
75 0.010406777000753209
100 0.004617400991264731
110 0.00576900300802663
125 0.0072824310045689344
160 0.009554363001370803
200 0.012178299017250538
230 0.020237390010152012
250 0.012482294987421483
350 0.01642774700303562
500 0.05071553299785592
600 0.08515759799047373
800 0.19228701799875125
1000 0.441710746003082
