2 0.001235219999216497
5 0.00150514897541143
10 0.0020049379963893443
15 0.0035496930067893118
20 0.006794698012527078
30 0.013269507995573804
35 0.0021740210067946464
40 0.0026126549928449094
45 0.0028567890112753958
50 0.002320247993338853
55 0.0028018509910907596
60 0.0028650109888985753
75 0.0033805450075306
100 0.005904579011257738
110 0.00586549800937064
125 0.007175990991527215
160 0.012263066979357973
200 0.014233855996280909
230 0.019721388001926243
250 0.016546856000786647
350 0.03225686599034816
500 0.08462484402116388
600 0.115388117992552
800 0.23880479999934323
1000 0.45029190098284744
