2 0.015100233984412625
5 0.005889669992029667
10 0.0028241300024092197
15 0.010080870008096099
20 0.013624779996462166
30 0.024058322014752775
35 0.011541129992110655
40 0.007642823999049142
45 0.00771301900385879
50 0.010779067990370095
55 0.004372847004560754
60 0.004791043989825994
75 0.0103220559831243
100 0.007423704984830692
110 0.00800996899488382
125 0.00963565698475577
160 0.012252285989234224
200 0.017259231011848897
230 0.02091802901122719
250 0.021311968012014404
350 0.05112447700230405
500 0.09906537001370452
600 0.13629906001733616
800 0.339906023000367
1000 0.40482050998252816
