2 0.012712811992969364
5 0.011668357998132706
10 0.005290469998726621
15 0.007754167978418991
20 0.008679079997818917
30 0.018863329984014854
35 0.024432815000182018
40 0.003935271990485489
45 0.006409036985132843
50 0.008491253975080326
55 0.004579720989568159
60 0.006084840017138049
75 0.008876281994162127
100 0.007670038990909234
110 0.01819926901953295
125 0.034092333022272214
160 0.013835913996445015
200 0.03222086001187563
230 0.026949823019094765
250 0.022095716005424038
350 0.045828060974599794
500 0.1029116419958882
600 0.19071811699541286
800 0.2937200249871239
1000 0.4188112080155406
