2 0.001241502002812922
5 0.0008970120106823742
10 0.001944344985531643
15 0.003307775012217462
20 0.010333359008654952
30 0.016763646999606863
35 0.0033336729975417256
40 0.0031128000118769705
45 0.003475754987448454
50 0.0037057149747852236
55 0.003995787992607802
60 0.004199901013635099
75 0.004527312004938722
100 0.005988141987472773
110 0.00701480099814944
125 0.007853069982957095
160 0.010247387021081522
200 0.016036571993026882
230 0.013330776011571288
250 0.01703258100314997
350 0.033823953999672085
500 0.06760828799451701
600 0.14560721401358023
800 0.23395188900758512
1000 0.44188945399946533
