2 0.0006437679985538125
5 0.0006999589968472719
10 0.0009686799894552678
15 0.0009242590167559683
20 0.0011597010015975684
30 0.0010470300039742142
35 0.0012719790101982653
40 0.001503424980910495
45 0.0014065849827602506
50 0.0015453709929715842
55 0.0026503120025154203
60 0.0018693759921006858
75 0.0018093230028171092
100 0.002120188990375027
110 0.0031893729756120592
125 0.0024389860045630485
160 0.002870706986868754
200 0.003306669997982681
230 0.007456278020981699
250 0.004583186993841082
350 0.00935975500033237
500 0.016697679995559156
600 0.025217706977855414
800 0.0337586410169024
1000 0.04912711298675276
