2 0.002623109001433477
5 0.002135034999810159
10 0.0031059199827723205
15 0.008414604992140085
20 0.013683305005542934
30 0.02308646700112149
35 0.002553374011768028
40 0.003956553002353758
45 0.003125468996586278
50 0.003748119022930041
55 0.007303848018636927
60 0.005419223016360775
75 0.006656465004198253
100 0.0057362540101166815
110 0.008654041012050584
125 0.010428437002701685
160 0.011628431995632127
200 0.017619310994632542
230 0.022061067982576787
250 0.020570977998431772
350 0.030399913986911997
500 0.11624841799493879
600 0.11749106500064954
800 0.25997105200076476
1000 0.5218031399999745
