2 0.0015621519996784627
5 0.0017577540129423141
10 0.0023182950098998845
15 0.00508114299736917
20 0.010549349011853337
30 0.035286116995848715
35 0.032846788002643734
40 0.035938412009272724
45 0.0066970670013688505
50 0.005121316993609071
55 0.0051684130157809705
60 0.011185720009962097
75 0.009949895000318065
100 0.015074874012498185
110 0.012829528015572578
125 0.05549245301517658
160 0.09000592102529481
200 0.03275120700709522
230 0.023154460999649018
250 0.02528556200559251
350 0.0397546979947947
500 0.0745466570078861
600 0.21031296899309382
800 0.22876819397788495
1000 0.426667649007868
