2 0.0013052379945293069
5 0.0010202859994024038
10 0.0020745079964399338
15 0.003349015983985737
20 0.006022784014930949
30 0.01207106199581176
35 0.0019096510077361017
40 0.002153740992071107
45 0.0031143929809331894
50 0.0025141110236290842
55 0.003906262019881979
60 0.0027185489889234304
75 0.004823183990083635
100 0.006063181994250044
110 0.00703667601919733
125 0.006757802999345586
160 0.008783892000792548
200 0.01972390798619017
230 0.01944023900432512
250 0.016729358001612127
350 0.031317062996095046
500 0.07008327200310305
600 0.07304583099903539
800 0.13144380899029784
1000 0.20180642898776568
