2 0.0004980289959348738
5 0.000980315002379939
10 0.0010378439910709858
15 0.00090487499255687
20 0.0011507320159580559
30 0.0009679009963292629
35 0.0013286310131661594
40 0.0015040120051708072
45 0.0015281870146282017
50 0.001445022993721068
55 0.002498782007023692
60 0.001408084004651755
75 0.0020510060130618513
100 0.0021916829864494503
110 0.002272935991641134
125 0.0024791749892756343
160 0.0032293080003000796
200 0.0033834109781309962
230 0.0040784610027913
250 0.004203555989079177
350 0.006060357001842931
500 0.014280690986197442
600 0.024803330976283178
800 0.026713337982073426
1000 0.04340632900130004
