2 0.0011977169779129326
5 0.0016927550022955984
10 0.001969494012882933
15 0.0033566920028533787
20 0.006556083011673763
30 0.020884271012619138
35 0.0033503079903312027
40 0.0033283439988736063
45 0.0034396949922665954
50 0.003989332995843142
55 0.003863243997329846
60 0.004171671025687829
75 0.00604994100285694
100 0.0049695979978423566
110 0.00557903599110432
125 0.007258972997078672
160 0.0061886390030849725
200 0.007938848022604361
230 0.013131282990798354
250 0.01919692600495182
350 0.013236512982985005
500 0.03715948999160901
600 0.03971792297670618
800 0.05722230998799205
1000 0.11091245099669322
