2 0.0008081620035227388
5 0.0008022609981708229
10 0.0015743449912406504
15 0.002188988000852987
20 0.0011317259923089296
30 0.0012410600029397756
35 0.004362009989563376
40 0.0018958229920826852
45 0.004118133976589888
50 0.002586932008853182
55 0.0025491819833405316
60 0.002808563003782183
75 0.0035094449995085597
100 0.00340946699725464
110 0.0036045460146851838
125 0.004105440020794049
160 0.005031221982790157
200 0.00599885598057881
230 0.004323809000197798
250 0.007476636994397268
350 0.008202633005566895
500 0.01521804800722748
600 0.022716690000379458
800 0.03052601797389798
1000 0.04726946700247936
