2 0.00047688899212516844
5 0.0005456630024127662
10 0.0008269680256489664
15 0.0008580879948567599
20 0.0011505889997351915
30 0.0011476709914859384
35 0.0014119289990048856
40 0.0014536009985022247
45 0.0013800669985357672
50 0.0014700060128234327
55 0.0016186769935302436
60 0.0016989590076263994
75 0.0018552289984654635
100 0.0022390680096577853
110 0.0021720160148106515
125 0.0026289710076525807
160 0.004567418014630675
200 0.00422865099972114
230 0.005669619014952332
250 0.0076211900159250945
350 0.010357303981436417
500 0.015042471000924706
600 0.03023960901191458
800 0.03743115201359615
1000 0.05487870000069961
