2 0.001561581011628732
5 0.0008267460216302425
10 0.0018588229722809047
15 0.005852945992955938
20 0.01382177000050433
30 0.03244198701577261
35 0.0070897850091569126
40 0.003291730012279004
45 0.0049006589979398996
50 0.006890237011248246
55 0.006810402992414311
60 0.011177712003700435
75 0.0068780720175709575
100 0.007645283010788262
110 0.00853907800046727
125 0.008500928990542889
160 0.012528826016932726
200 0.014415926998481154
230 0.13942623999901116
250 0.04408570099622011
350 0.08245005601202138
500 0.8598447870172095
600 0.39336158300284296
800 0.40522903902456164
1000 0.6816352670139167
