2 0.0015760609821882099
5 0.0009009710047394037
10 0.0019101979851257056
15 0.004354756994871423
20 0.007224982982734218
30 0.013622767000924796
35 0.003381766000529751
40 0.0018858569965232164
45 0.0022920120100025088
50 0.0025071990094147623
55 0.004810665996046737
60 0.0025315310049336404
75 0.0039353949832729995
100 0.004594258003635332
110 0.004194628010736778
125 0.005476577003719285
160 0.00884838798083365
200 0.012094131001504138
230 0.012134118005633354
250 0.0142723280005157
350 0.020596748974639922
500 0.04367900299257599
600 0.06683869598782621
800 0.19990846799919382
1000 0.26296074900892563
