2 0.0012641270004678518
5 0.0008666399808134884
10 0.001923681003972888
15 0.005751503020292148
20 0.008107042987830937
30 0.016061109025031328
35 0.0021339439845178276
40 0.003929581987904385
45 0.002741989999776706
50 0.004635657009202987
55 0.005893399007618427
60 0.003732151002623141
75 0.003036300011444837
100 0.0044695709948427975
110 0.007202278997283429
125 0.006941113999346271
160 0.008785587997408584
200 0.009901881974656135
230 0.013185186020564288
250 0.015980024996679276
350 0.029177382006309927
500 0.05116413100040518
600 0.06100441899616271
800 0.13865303600323386
1000 0.21694884801399894
