2 0.0005289870023261756
5 0.00034956002491526306
10 0.0006426360050681978
15 0.0007318129937630147
20 0.0006001759902574122
30 0.0008354629972018301
35 0.001033145992550999
40 0.0011388169950805604
45 0.0008756619936320931
50 0.001169355004094541
55 0.002455588983139023
60 0.0027834360080305487
75 0.004286126990336925
100 0.0037008579820394516
110 0.004087382985744625
125 0.004940687009366229
160 0.006204121978953481
200 0.014126065012533218
230 0.007986696989974007
250 0.006972218980081379
350 0.011960951000219211
500 0.015448510996066034
600 0.016510016983374953
800 0.03242739298730157
1000 0.05151310400106013
