2 0.003448027011472732
5 0.002039799001067877
10 0.004601195018040016
15 0.006750247994204983
20 0.00803513900609687
30 0.020349897007690743
35 0.0027801489923149347
40 0.006423628976335749
45 0.003740021988051012
50 0.0029989260074216872
55 0.004520562011748552
60 0.003363233001437038
75 0.0034996040049009025
100 0.005860823992406949
110 0.004805623000720516
125 0.007179525011451915
160 0.013535183999920264
200 0.01280272300937213
230 0.022748057992430404
250 0.021526252996409312
350 0.033674398000584915
500 0.05958719798945822
600 0.08953138400102034
800 0.24125239299610257
1000 0.40698456700192764
