2 0.0006517899746540934
5 0.0007407529919873923
10 0.0010984399996232241
15 0.0011757760075852275
20 0.001434785983292386
30 0.001650174002861604
35 0.0017928570159710944
40 0.0022279900149442255
45 0.004545029980363324
50 0.002216527995187789
55 0.0026424649986438453
60 0.0035755620046984404
75 0.0034485979995224625
100 0.003922509989934042
110 0.0039025790174491704
125 0.004431065986864269
160 0.00579816399840638
200 0.0060313309950288385
230 0.004784813005244359
250 0.004297611012589186
350 0.007707115000812337
500 0.012037277017952874
600 0.015251406002789736
800 0.03595511498861015
1000 0.04542427198612131
