2 0.002716648014029488
5 0.0017530600016470999
10 0.006830416998127475
15 0.007892830006312579
20 0.013826029986375943
30 0.022775746998377144
35 0.004867865005508065
40 0.0029043160029686987
45 0.005583826015936211
50 0.005212107003899291
55 0.005287070001941174
60 0.005214515986153856
75 0.00565835100132972
100 0.007808308990206569
110 0.007099948998074979
125 0.005717872001696378
160 0.009310143999755383
200 0.01589441901887767
230 0.02731693902751431
250 0.022704622999299318
350 0.07083932901150547
500 0.07322285900590941
600 0.19188759100507013
800 0.6444031749852002
1000 0.9500424019934144
