2 0.0011670000094454736
5 0.0009234999888576567
10 0.002195189008489251
15 0.0033422929991502315
20 0.005561601981753483
30 0.011073272995417938
35 0.0027043730078730732
40 0.0028071600245311856
45 0.0019377649878151715
50 0.0020268390071578324
55 0.0022228320012800395
60 0.002324920002138242
75 0.0028600860096048564
100 0.0035526179999578744
110 0.003931070998078212
125 0.004607356007909402
160 0.006830028985859826
200 0.009837881982093677
230 0.0128189210081473
250 0.015876085992204025
350 0.02963252499466762
500 0.07612542397691868
600 0.11987094502546825
800 0.21641201799502596
1000 0.4120732320006937
