2 0.0011902050173375756
5 0.0008761310018599033
10 0.001924063020851463
15 0.0033035130181815475
20 0.007923700992250815
30 0.02028752601472661
35 0.003359633992658928
40 0.003450985997915268
45 0.003322902979562059
50 0.0035519259981811047
55 0.00367603701306507
60 0.0039061179850250483
75 0.005004323000321165
100 0.00606590899406001
110 0.005674610001733527
125 0.007037100003799424
160 0.00944555999012664
200 0.012105814996175468
230 0.012609852012246847
250 0.014739951002411544
350 0.05162361200200394
500 0.11654719599755481
600 0.11688533599954098
800 0.3274721069901716
1000 1.3542437129945029
