2 0.0030933559755794704
5 0.0016628770099487156
10 0.004164830985246226
15 0.007509123010095209
20 0.011277036974206567
30 0.023706853011390194
35 0.0031367919873446226
40 0.003186220012139529
45 0.004806910001207143
50 0.004397682991111651
55 0.004069505986990407
60 0.004186245991149917
75 0.005121756985317916
100 0.006046310008969158
110 0.006663191976258531
125 0.008269702986581251
160 0.008684512024046853
200 0.010417804995086044
230 0.011582304985495284
250 0.024011278990656137
350 0.022556559997610748
500 0.038556276995223016
600 0.08231557701947168
800 0.19195939501514658
1000 0.2877705480204895
