2 0.0015470199869014323
5 0.0015594699943903834
10 0.001984373986488208
15 0.005800992017611861
20 0.00979557799291797
30 0.0190859209978953
35 0.0034818729909602553
40 0.0032222399895545095
45 0.0036588100192602724
50 0.004338563012424856
55 0.004540210997220129
60 0.003488546994049102
75 0.003988260024925694
100 0.005903940997086465
110 0.00781434797681868
125 0.007074002001900226
160 0.008268812991445884
200 0.013411835010629147
230 0.011196890991413966
250 0.013237901992397383
350 0.0776053769805003
500 0.03338248800719157
600 0.0409662910096813
800 0.11060386398457922
1000 0.2247838019975461
