2 0.00044506098493002355
5 0.0009118199814110994
10 0.0009901550074573606
15 0.0009261250088457018
20 0.0011647510109469295
30 0.0010725059837568551
35 0.0012879380083177239
40 0.0013769379875157028
45 0.0023781810014043003
50 0.002464547986164689
55 0.0029602349968627095
60 0.0027798380178865045
75 0.003120942012174055
100 0.003362106013810262
110 0.003854103008052334
125 0.004068734997417778
160 0.005217000987613574
200 0.00773549999576062
230 0.006822369003202766
250 0.005557974014664069
350 0.010967420996166766
500 0.020753958000568673
600 0.018485935986973345
800 0.028529606002848595
1000 0.04245819500647485
