2 0.0022927850077394396
5 0.0012262229865882546
10 0.0020343939831946045
15 0.008838237990858033
20 0.012020821974147111
30 0.02189949099556543
35 0.002248086006147787
40 0.002761267009191215
45 0.004703343991423026
50 0.0037377389962784946
55 0.00829517500824295
60 0.003334505978273228
75 0.0055787979799788445
100 0.009026668994920328
110 0.009461495996220037
125 0.010601260990370065
160 0.015652517991838977
200 0.02036823201342486
230 0.032862936990568414
250 0.029408648988464847
350 0.058720308006741107
500 0.09060338698327541
600 0.21257831700495444
800 0.29862872598459944
1000 0.8544093479868025
