2 0.0023461870150640607
5 0.001828633015975356
10 0.005248091998510063
15 0.006821292015956715
20 0.009440480993362144
30 0.020546940999338403
35 0.003045338991796598
40 0.0029319209861569107
45 0.0037795650132466108
50 0.003352115018060431
55 0.004038915009004995
60 0.004368186986539513
75 0.0047877040051389486
100 0.011598726006923243
110 0.007728644995950162
125 0.00876246701227501
160 0.014011871011462063
200 0.022841655008960515
230 0.023484316014219075
250 0.025292017991887406
350 0.03689407597994432
500 0.10279430702212267
600 0.11570409699925222
800 0.3432923810032662
1000 0.42537044099299237
