2 0.0012374930083751678
5 0.0005848700238857418
10 0.0005892640037927777
15 0.0006750710017513484
20 0.0008660719904582947
30 0.0009716100175864995
35 0.001137326005846262
40 0.0019247549935244024
45 0.0021041519939899445
50 0.0025006549840327352
55 0.002561956993304193
60 0.00243488498381339
75 0.002892447024350986
100 0.0037582239892799407
110 0.003703891998156905
125 0.004380146012408659
160 0.005515972996363416
200 0.006640255014644936
230 0.006916787999216467
250 0.0073559359880164266
350 0.006821411021519452
500 0.011367004015482962
600 0.014571512991096824
800 0.03537944599520415
1000 0.036974056012695655
