2 0.0013666639861185104
5 0.0009554289863444865
10 0.001987964002182707
15 0.044552389008458704
20 0.012425455992342904
30 0.021927994006546214
35 0.003183887980412692
40 0.0034797169792000204
45 0.007896266994066536
50 0.004109058994799852
55 0.004062602005433291
60 0.004494180000619963
75 0.004595290985889733
100 0.005490415991516784
110 0.006680421007331461
125 0.005575738992774859
160 0.009407506004208699
200 0.012301306996960193
230 0.014763479004614055
250 0.014443324005696923
350 0.020536975003778934
500 0.05870687897549942
600 0.0607722940039821
800 0.11177909598336555
1000 0.19785366297583096
