2 0.0005038539820816368
5 0.0008591650112066418
10 0.001048475009156391
15 0.0009744419949129224
20 0.0011695510183926672
30 0.002696581999771297
35 0.0020124820002820343
40 0.00218226999277249
45 0.002135713992174715
50 0.002646265988005325
55 0.003053936001379043
60 0.003412144025787711
75 0.0034529659897089005
100 0.0033793530019465834
110 0.004217566980514675
125 0.004427442006999627
160 0.004767768026795238
200 0.004255543986801058
230 0.007269955996889621
250 0.0060691440012305975
350 0.007735391991445795
500 0.015207534015644342
600 0.02165329799754545
800 0.030070508975768462
1000 0.04587999501382001
