2 0.0037426049821078777
5 0.001036179979564622
10 0.0014372570149134845
15 0.0010846649820450693
20 0.013294122996740043
30 0.0022702229907736182
35 0.0029544300050474703
40 0.0030598090088460594
45 0.004151993023697287
50 0.004650091985240579
55 0.0032613729999866337
60 0.005895440990570933
75 0.004298891988582909
100 0.004929051996441558
110 0.0035560179967433214
125 0.003526129003148526
160 0.0056176549987867475
200 0.007557523000286892
230 0.010545088996877894
250 0.009410441998625174
350 0.015135316993109882
500 0.02355728199472651
600 0.02161630499176681
800 0.05464309299713932
1000 0.12370999401900917
