2 0.0012083379842806607
5 0.0018673540034797043
10 0.002549203985836357
15 0.003461824991973117
20 0.006033486017258838
30 0.011786250019213185
35 0.001887774997157976
40 0.0019637599762063473
45 0.001985896989936009
50 0.0031272350170183927
55 0.0032422599906567484
60 0.002196142013417557
75 0.0029917909996584058
100 0.003800839971518144
110 0.004221826995490119
125 0.004919079976389185
160 0.007077038986608386
200 0.011529187991982326
230 0.012962196982698515
250 0.015037233999464661
350 0.030761297995923087
500 0.08443470799829811
600 0.11799955501919612
800 0.23681184399174526
1000 0.45297543800552376
