2 0.00047866598470136523
5 0.0007661480049137026
10 0.0009472169913351536
15 0.0008623239991720766
20 0.0012835609959438443
30 0.0010665380104910582
35 0.0011808800045400858
40 0.001637081993976608
45 0.002028602990321815
50 0.0019165539997629821
55 0.0022582579986192286
60 0.003415319981286302
75 0.004956421995302662
100 0.0033719909843057394
110 0.003986315976362675
125 0.0047469680139329284
160 0.0064071849919855595
200 0.007087787002092227
230 0.007187465991592035
250 0.009387033001985401
350 0.008926632988732308
500 0.025186193000990897
600 0.034868660994106904
800 0.149313258996699
1000 0.35292027800460346
