2 0.001443904999177903
5 0.0009109090024139732
10 0.0027475169918034226
15 0.005383324983995408
20 0.01041238202014938
30 0.02124676000676118
35 0.0032461700029671192
40 0.0067300579976290464
45 0.0049180249916389585
50 0.004376709985081106
55 0.004304174013668671
60 0.005094855005154386
75 0.006027600000379607
100 0.007469867006875575
110 0.00802784800180234
125 0.009609278989955783
160 0.012108149996493012
200 0.016041539987782016
230 0.02687197001068853
250 0.05853265602490865
350 0.07249248700099997
500 0.45204573799856007
600 0.192618789995322
800 0.5206142560055014
1000 0.5541376740147825
