2 0.008484755991958082
5 0.004790581006091088
10 0.0032029419962782413
15 0.00879788800375536
20 0.010934696008916944
30 0.019521453010383993
35 0.0054783249797765166
40 0.0033435000223107636
45 0.005653561995131895
50 0.005561396974371746
55 0.006202863994985819
60 0.008324303984409198
75 0.007671352010220289
100 0.00778472502133809
110 0.008331224002176896
125 0.014353696024045348
160 0.016624743991997093
200 0.027445384999737144
230 0.023855762992752716
250 0.02268521598307416
350 0.055630369985010475
500 0.12105231601162814
600 0.1791415890038479
800 0.31640379497548565
1000 0.4673151280148886
