2 0.0008126430038828403
5 0.0006608570110984147
10 0.000830334989586845
15 0.0007469519914593548
20 0.0008311610145028681
30 0.0009468689968343824
35 0.0007462379871867597
40 0.002018400002270937
45 0.0011510400217957795
50 0.001268255989998579
55 0.001258549018530175
60 0.0016126349801197648
75 0.0017956020019482821
100 0.0021564370254054666
110 0.0022077579924371094
125 0.002380622026976198
160 0.0036888990143779665
200 0.003560860001016408
230 0.004315265017794445
250 0.004525220982031897
350 0.007098699017660692
500 0.02038530001300387
600 0.02492615897790529
800 0.03100972602260299
1000 0.05599495500791818
