2 0.0013541770167648792
5 0.0011228829971514642
10 0.004059344006236643
15 0.0037696190120186657
20 0.005771755997557193
30 0.015127902006497607
35 0.0017759150068741292
40 0.0017684620106592774
45 0.0020213329989928752
50 0.0019794450199697167
55 0.005263808008749038
60 0.0027446509920991957
75 0.0028193980106152594
100 0.006261183007154614
110 0.006938884995179251
125 0.0065209660097025335
160 0.012803687015548348
200 0.014887122000800446
230 0.01567664899630472
250 0.015118678013095632
350 0.03253318098722957
500 0.1503672520047985
600 0.15442559801158495
800 0.22141713599557988
1000 0.7617134900065139
