2 0.0004511259903665632
5 0.0006009009957779199
10 0.000612228992395103
15 0.0008196739945560694
20 0.0007412970007862896
30 0.000932977010961622
35 0.000841950997710228
40 0.0010936140024568886
45 0.0012042660091537982
50 0.001204964006319642
55 0.0015243930101860315
60 0.0015973779954947531
75 0.0017291819967795163
100 0.0020003209938295186
110 0.002606146998004988
125 0.0027412189811002463
160 0.0032937400101218373
200 0.003859835007460788
230 0.006098180980188772
250 0.004276264022337273
350 0.006443152000429109
500 0.011995824024779722
600 0.014543797995429486
800 0.027014723018510267
1000 0.03840359300374985
