2 0.0012309040175750852
5 0.000964400009252131
10 0.001958730979822576
15 0.003337564005050808
20 0.008434753981418908
30 0.013752468978054821
35 0.0024384009884670377
40 0.002621352003188804
45 0.0032161520211957395
50 0.0032731210230849683
55 0.00359058499452658
60 0.004030798008898273
75 0.004251222999300808
100 0.005969094985630363
110 0.006385560001945123
125 0.006723358004819602
160 0.006923548993654549
200 0.01260746200568974
230 0.011732137994840741
250 0.012580926006194204
350 0.021629521972499788
500 0.043668188009178266
600 0.058968042983906344
800 0.11992775200633332
1000 0.21412643700023182
