2 0.0019506120006553829
5 0.0010093450255226344
10 0.0022205369896255434
15 0.0038693889800924808
20 0.010847662022570148
30 0.014122905995463952
35 0.003079786984017119
40 0.003159277985105291
45 0.0032900969963520765
50 0.0038584370049647987
55 0.004324876994360238
60 0.003853257017908618
75 0.0043246319983154535
100 0.0077578750206157565
110 0.005089211015729234
125 0.007317466981476173
160 0.008618322986876592
200 0.012589090008987114
230 0.012900611007353291
250 0.023759691015584394
350 0.030965843005105853
500 0.04867676799767651
600 0.049014066986273974
800 0.21117639800650068
1000 0.4094179810199421
