2 0.0007193750061560422
5 0.000725602003512904
10 0.0005690399848390371
15 0.0009339620009995997
20 0.0014920359826646745
30 0.001110910001443699
35 0.0008611310040578246
40 0.0014276700094342232
45 0.0012232519802637398
50 0.0015233980084303766
55 0.001487811008701101
60 0.001612464024219662
75 0.003469160001259297
100 0.0030420219991356134
110 0.003668707999167964
125 0.003269540990004316
160 0.004738846997497603
200 0.004746474995044991
230 0.005766932008555159
250 0.0046258360089268535
350 0.009967585996491835
500 0.016720577026717365
600 0.028005485015455633
800 0.035901130991987884
1000 0.055377834010869265
