2 0.0010516809998080134
5 0.0005549750057980418
10 0.001336516987066716
15 0.0008852180035319179
20 0.000969557004282251
30 0.001072804006980732
35 0.001330585015239194
40 0.001954326988197863
45 0.002355960023123771
50 0.002235545980511233
55 0.0027333309990353882
60 0.002841943991370499
75 0.003344691009260714
100 0.0044463720114436
110 0.003918065020116046
125 0.004227673023706302
160 0.004992224014131352
200 0.006235450011445209
230 0.005051912972703576
250 0.006614283018279821
350 0.007240932987770066
500 0.012089765979908407
600 0.016614897991530597
800 0.034141292999265715
1000 0.051505037990864366
