2 0.0031930959958117455
5 0.0020282870100345463
10 0.004898454004433006
15 0.007551617018179968
20 0.011543556989636272
30 0.023263728013262153
35 0.0034228379954583943
40 0.0027257280016783625
45 0.0026729289966169745
50 0.003205086017260328
55 0.003656892979051918
60 0.0030404169810935855
75 0.003971243015257642
100 0.00745637301588431
110 0.007370003004325554
125 0.006856724008684978
160 0.008787986007519066
200 0.011353481007972732
230 0.016985931986710057
250 0.018977340980200097
350 0.023707713990006596
500 0.03401008900254965
600 0.0857840690005105
800 0.2110866070142947
1000 0.31911936501273885
