2 0.00047409700346179307
5 0.0005594489921350032
10 0.0006277360080275685
15 0.0010384730121586472
20 0.0009233230084646493
30 0.0012914020044263452
35 0.0012157360033597797
40 0.0009307669824920595
45 0.0016201810212805867
50 0.0020933320047333837
55 0.002616165002109483
60 0.0022012410045135766
75 0.0029845749959349632
100 0.0036774460168089718
110 0.0035155880032107234
125 0.004367632995126769
160 0.006023027992341667
200 0.0063985570159275085
230 0.004640820989152417
250 0.007011637993855402
350 0.00775424501625821
500 0.013359452015720308
600 0.018649623001692817
800 0.0286096119962167
1000 0.049032370996428654
