2 0.0017352539871353656
5 0.0023894959886092693
10 0.008321763016283512
15 0.015483628027141094
20 0.012042425019899383
30 0.40408357899286784
35 0.0022629210143350065
40 0.0020784690277650952
45 0.002685187995666638
50 0.002283716981764883
55 0.0027761169767472893
60 0.004608672024914995
75 0.0028200660017319024
100 0.0031659650267101824
110 0.004410119989188388
125 0.006096502998843789
160 0.0074726449965965
200 0.008729886001674458
230 0.010348357987822965
250 0.00994458599598147
350 0.026424654002767056
500 0.033937511005206034
600 0.09352962399134412
800 0.20061169401742518
1000 0.15149256400763988
