2 0.001625693985261023
5 0.0012516650022007525
10 0.002368325978750363
15 0.0037069520039949566
20 0.005616826005280018
30 0.011306239990517497
35 0.0024019159900490195
40 0.002145840000594035
45 0.0027726289990823716
50 0.0027960909937974066
55 0.00274173601064831
60 0.002735152986133471
75 0.0030168250086717308
100 0.004461818985873833
110 0.004342327010817826
125 0.0054999559943098575
160 0.007513330987421796
200 0.009606428997358307
230 0.012896901986096054
250 0.015045792009914294
350 0.029916451981989667
500 0.06913345100474544
600 0.18832672998541966
800 0.21754373397561722
1000 0.4177810949913692
