2 0.0005121260182932019
5 0.0004297260020393878
10 0.00044331897515803576
15 0.0007432230049744248
20 0.0005565609899349511
30 0.0008029380114749074
35 0.0006947230140212923
40 0.0010139299847651273
45 0.0008883450063876808
50 0.0012934510014019907
55 0.0024655729939695448
60 0.002447464008582756
75 0.003358579007908702
100 0.003944325988413766
110 0.0040927779919002205
125 0.004959067009622231
160 0.005627058999380097
200 0.006392164999851957
230 0.007637875009095296
250 0.00808993901591748
350 0.013138745009200647
500 0.014046027004951611
600 0.0174292890005745
800 0.0415013539895881
1000 0.04539513000054285
