2 0.0008547829929739237
5 0.0007237190147861838
10 0.0011320159828756005
15 0.0013698260008823127
20 0.0018133150006178766
30 0.0016344190225936472
35 0.001592999993590638
40 0.001784307009074837
45 0.002004845009651035
50 0.002393871982349083
55 0.002614565979456529
60 0.0025672819756437093
75 0.003273581009125337
100 0.004127369000343606
110 0.00486032001208514
125 0.00451662001432851
160 0.006139334000181407
200 0.007424298994010314
230 0.00605890600127168
250 0.007133583974791691
350 0.0091651719994843
500 0.014304423006251454
600 0.01854609398287721
800 0.0511860930128023
1000 0.05172770001809113
