2 0.004319729981943965
5 0.003251052985433489
10 0.002282650995766744
15 0.007623875018907711
20 0.01040403198567219
30 0.027575707994401455
35 0.0024189270043279976
40 0.003041494026547298
45 0.005730906996177509
50 0.004767161008203402
55 0.007005092018516734
60 0.004124430997762829
75 0.00452880299417302
100 0.009929385007126257
110 0.010169492976274341
125 0.010467285988852382
160 0.013201213005231693
200 0.019730674976017326
230 0.020338959991931915
250 0.017478728987043723
350 0.04355393801233731
500 0.05556518700905144
600 0.09212209598626941
800 0.17402640997897834
1000 0.45687133001047187
