2 0.0009449249773751944
5 0.0006706170097459108
10 0.001045477984007448
15 0.0009158700122497976
20 0.0011420800001360476
30 0.0011964569857809693
35 0.00158959100372158
40 0.0014807450061198324
45 0.0014016199856996536
50 0.001467710011638701
55 0.001682828995399177
60 0.0017245570197701454
75 0.0017131789936684072
100 0.0018542009929660708
110 0.0032670119835529476
125 0.002677031996427104
160 0.0031002610048744828
200 0.005241128004854545
230 0.006640909006819129
250 0.006800201983423904
350 0.006241267023142427
500 0.013768214994342998
600 0.0218192629981786
800 0.030464670999208465
1000 0.05046437997953035
