2 0.001529510016553104
5 0.0008740049961488694
10 0.0019864799978677183
15 0.003343936026794836
20 0.005891719018109143
30 0.011519994004629552
35 0.0018293879984412342
40 0.001820483012124896
45 0.002058717975160107
50 0.002114253002218902
55 0.0021412179921753705
60 0.002865300979465246
75 0.003772230993490666
100 0.004305661015678197
110 0.006182194978464395
125 0.00591460001305677
160 0.008120633981889114
200 0.010648759984178469
230 0.015080601995578036
250 0.016887102974578738
350 0.031755825999425724
500 0.07422426700941287
600 0.155756606021896
800 0.23796289501478896
1000 0.44390253600431606
