2 0.006692894996376708
5 0.0036102570011280477
10 0.006010899000102654
15 0.007919588999357074
20 0.02401717600878328
30 0.02734885597601533
35 0.008264225005405024
40 0.003896311012795195
45 0.003191975993104279
50 0.004034069017507136
55 0.010457836993737146
60 0.0051700200128834695
75 0.005395815009251237
100 0.006776258000172675
110 0.007734908984275535
125 0.009016895986860618
160 0.012475759984226897
200 0.015280086023267359
230 0.012365820992272347
250 0.02092241999343969
350 0.027394102013204247
500 0.03906216099858284
600 0.10697390799759887
800 0.21350251301191747
1000 0.36028862599050626
