2 0.0006100489990785718
5 0.0008325889939442277
10 0.0011765599774662405
15 0.0011682710028253496
20 0.0014785940002184361
30 0.00172608598950319
35 0.0018064250180032104
40 0.0019473149732220918
45 0.001825968996854499
50 0.0017403149977326393
55 0.0020786690001841635
60 0.0023663280007895082
75 0.002658705983776599
100 0.0027047139883507043
110 0.002805891999742016
125 0.004109003988560289
160 0.004605853988323361
200 0.005225896980846301
230 0.0064062140008900315
250 0.009805622976273298
350 0.008915777987567708
500 0.013742579001700506
600 0.019137127994326875
800 0.045701709983404726
1000 0.1568889409827534
