2 0.0007517799967899919
5 0.000924759020563215
10 0.001800641999579966
15 0.002907766989665106
20 0.0015068569919094443
30 0.001988206000532955
35 0.0018376460066065192
40 0.0020363639923743904
45 0.002298395993420854
50 0.0018959229928441346
55 0.002161242999136448
60 0.002631625975482166
75 0.0030945150065235794
100 0.00439216400263831
110 0.0031195929914247245
125 0.0043915109999943525
160 0.007024708989774808
200 0.016793896007584408
230 0.011509876989293844
250 0.015342389000579715
350 0.015234463004162535
500 0.028646427992498502
600 0.03441440797178075
800 0.05094765799003653
1000 0.06999954298953526
