2 0.0019908579997718334
5 0.0011803219967987388
10 0.001940797985298559
15 0.0035210709902457893
20 0.00544903997797519
30 0.011125174001790583
35 0.0018087529751937836
40 0.0017667969805188477
45 0.001967929973034188
50 0.003160698019200936
55 0.0032629350025672466
60 0.002714150003157556
75 0.0030251469870563596
100 0.004059364000568166
110 0.004667747009079903
125 0.012418325000908226
160 0.007560970989288762
200 0.00978395898710005
230 0.015427356993313879
250 0.021688128996174783
350 0.041947598016122356
500 0.07799874802003615
600 0.10952690901467577
800 0.2342385420051869
1000 0.5532608770008665
