2 0.001529019995359704
5 0.0010284630116075277
10 0.0037124950031284243
15 0.004273550002835691
20 0.010433264978928491
30 0.02073753299191594
35 0.003259343997342512
40 0.0059188650047872216
45 0.003210034017683938
50 0.003336688008857891
55 0.0035323650226928294
60 0.0035603569995146245
75 0.003980371984653175
100 0.005913480999879539
110 0.006337906001135707
125 0.006545516982441768
160 0.009103668009629473
200 0.012510527012636885
230 0.011157532018842176
250 0.013417281006695703
350 0.021702933008782566
500 0.03961857600370422
600 0.06497606399352662
800 0.18228058400563896
1000 0.31028397401678376
