2 0.0015609590045642108
5 0.0011247840011492372
10 0.001841631019487977
15 0.0034120799973607063
20 0.011223676992813125
30 0.017608188005397096
35 0.0022914769942872226
40 0.0026021779922302812
45 0.003480693994788453
50 0.003679943998577073
55 0.003747284004930407
60 0.0038887810078449547
75 0.005487917020218447
100 0.005592976987827569
110 0.007534989999840036
125 0.0100324249942787
160 0.01241281401598826
200 0.012868331017671153
230 0.012966509006218985
250 0.01694286600104533
350 0.03172340098535642
500 0.059760097006801516
600 0.11178398699848913
800 0.2214875629870221
1000 0.43533739700797014
