2 0.018106482981238514
5 0.007575930008897558
10 0.002532674989197403
15 0.005268317996524274
20 0.006084637978347018
30 0.0173903219983913
35 0.025997485005063936
40 0.006393143004970625
45 0.009607601998141035
50 0.012699598999461159
55 0.007461065979441628
60 0.007075264002196491
75 0.017531561985379085
100 0.009927050996338949
110 0.006997457996476442
125 0.00871911199647002
160 0.01137564200325869
200 0.013363134989049286
230 0.015882963984040543
250 0.02381268297904171
350 0.1296678890066687
500 0.05372637399705127
600 0.1052976299833972
800 0.14936724500148557
1000 0.348478770989459
