2 0.021039612009190023
5 0.014610694022849202
10 0.005436104984255508
15 0.009779086976777762
20 0.013889607012970373
30 0.025147886015474796
35 0.012944552989210933
40 0.005115286010550335
45 0.006595295999431983
50 0.014968261995818466
55 0.006317241990473121
60 0.008117819990729913
75 0.010808023012941703
100 0.012431770999683067
110 0.014100004016654566
125 0.019499828980769962
160 0.021625569002935663
200 0.015356832009274513
230 0.022429231001297012
250 0.027397759986342862
350 0.09646318200975657
500 0.11469507598667406
600 0.12562764598987997
800 0.2630134420178365
1000 0.6841495409898926
