2 0.0011630289955064654
5 0.0008819139911793172
10 0.0018913870153483003
15 0.0033400120155420154
20 0.006197615002747625
30 0.019427893974352628
35 0.0022385279880836606
40 0.001860535005107522
45 0.002000761014642194
50 0.0021082400053273886
55 0.0022183089749887586
60 0.002377842989517376
75 0.0027352510078344494
100 0.0033881179988384247
110 0.00412310499814339
125 0.005066190002253279
160 0.007574237999506295
200 0.010128806985449046
230 0.012370021984679624
250 0.015381525008706376
350 0.02968889198382385
500 0.07450266199884936
600 0.13368995999917388
800 0.23664770799223334
1000 0.4146951840084512
