2 0.0019595129997469485
5 0.0012276750057935715
10 0.0021052960073575377
15 0.0032681740121915936
20 0.008612617995822802
30 0.014992560987593606
35 0.00218505400698632
40 0.0019260480185039341
45 0.0022599959920626134
50 0.0023775299778208137
55 0.0023410129942931235
60 0.00261888699606061
75 0.002858172985725105
100 0.004262928006937727
110 0.004617069003870711
125 0.004945338005200028
160 0.006682912993710488
200 0.013953059999039397
230 0.023483305994886905
250 0.04043398398789577
350 0.06656154798110947
500 0.1466051719908137
600 0.1685014310060069
800 0.23319659201661125
1000 0.523586045979755
