2 0.001292125991312787
5 0.0009053539833985269
10 0.0019478379981592298
15 0.003385775984497741
20 0.008224930992582813
30 0.01841287998831831
35 0.003263316990341991
40 0.003650903992820531
45 0.003334814013214782
50 0.0035579290124587715
55 0.003980497014708817
60 0.004316070000641048
75 0.004665528977056965
100 0.004233225015923381
110 0.00624415700440295
125 0.005774193006800488
160 0.007390762999420986
200 0.011928369000088423
230 0.01041875098599121
250 0.012631097983103245
350 0.028681821015197784
500 0.04059108198271133
600 0.0619612569862511
800 0.15606663498329
1000 0.19496834400342777
