2 0.0013053819711785764
5 0.0018090560042764992
10 0.0022932279971428216
15 0.00751959698391147
20 0.010339748987462372
30 0.02043460399727337
35 0.0055424020101781934
40 0.010410741990199313
45 0.003747270005987957
50 0.0038167260063346475
55 0.006101668026531115
60 0.00420582399237901
75 0.005354116001399234
100 0.006248202989809215
110 0.007587843982037157
125 0.007005277991993353
160 0.00929974700557068
200 0.013898399978643283
230 0.01498303798143752
250 0.014226808008970693
350 0.021245997020741925
500 0.043579280987614766
600 0.07048677300917916
800 0.12220375600736588
1000 0.19542788100079633
