2 0.0008377520134672523
5 0.0028743069851770997
10 0.0021359139936976135
15 0.006602983979973942
20 0.016287806996842846
30 0.0327269539993722
35 0.005237094999756664
40 0.003337066009407863
45 0.0035523700062185526
50 0.006200323026860133
55 0.007715223997365683
60 0.008661015977850184
75 0.008363226981600747
100 0.008167261985363439
110 0.007301706995349377
125 0.00832531598280184
160 0.01138258000719361
200 0.03327047900529578
230 0.04361781899933703
250 0.12627677599084564
350 0.07022208801936358
500 0.09641484200255945
600 0.26554043899523094
800 0.478566548001254
1000 0.8709168820059858
