2 0.0004806369834113866
5 0.0006081579776946455
10 0.0010948879935313016
15 0.0009093200205825269
20 0.0012420249986462295
30 0.0011054440110456198
35 0.0014456729986704886
40 0.0015567280061077327
45 0.001506272004917264
50 0.0015638190088793635
55 0.0018210699781775475
60 0.0018606650119181722
75 0.0017677070281933993
100 0.0022004579950589687
110 0.0023924130073282868
125 0.0034691129985731095
160 0.0038060169899836183
200 0.003862460987875238
230 0.0043919970048591495
250 0.006937641010154039
350 0.009765149996383116
500 0.01647751100244932
600 0.0234355189895723
800 0.03199711599154398
1000 0.060119084984762594
