2 0.0012405099987518042
5 0.0008950819901656359
10 0.0019377259886823595
15 0.0033229030086658895
20 0.008246844983659685
30 0.011535672005265951
35 0.0019055790035054088
40 0.001837847987189889
45 0.0018961599853355438
50 0.002145209989976138
55 0.002418917982140556
60 0.002437085990095511
75 0.0028531290008686483
100 0.0036984299949835986
110 0.004288619005819783
125 0.00478559301700443
160 0.0067859209957532585
200 0.010188733984250575
230 0.01328030601143837
250 0.015757932007545605
350 0.033485295018181205
500 0.07300508499611169
600 0.18938241800060496
800 0.22044772002846003
1000 0.430369231995428
