2 0.0030619399913121015
5 0.0018728080030996352
10 0.001949236000655219
15 0.005799967999337241
20 0.008039050007937476
30 0.015503168979194015
35 0.0018129399977624416
40 0.0023309010139200836
45 0.0028448209923226386
50 0.002258744993014261
55 0.004057325975736603
60 0.004338552011176944
75 0.0031440180027857423
100 0.004905631009023637
110 0.0048790650034789
125 0.008079341001575813
160 0.010003611008869484
200 0.014427140995394439
230 0.014373553014593199
250 0.015974296984495595
350 0.024561311001889408
500 0.0616672630130779
600 0.11882595100905746
800 0.1553594389988575
1000 0.37584794498980045
