2 0.0007589540036860853
5 0.0011194580001756549
10 0.0014578879927285016
15 0.0009294509945902973
20 0.0011854379845317453
30 0.001778178004315123
35 0.0019620129896793514
40 0.002030055009527132
45 0.002297584986081347
50 0.0024530270020477474
55 0.0024479940184392035
60 0.00228366200462915
75 0.0025296449894085526
100 0.00497294997330755
110 0.00573257397627458
125 0.003888686012942344
160 0.0065485739905852824
200 0.007106349017703906
230 0.006803147989558056
250 0.007626131002325565
350 0.019904785993276164
500 0.03345589400851168
600 0.027997044991934672
800 0.03753396501997486
1000 0.20309701000223868
