2 0.0015617939934600145
5 0.0016292299842461944
10 0.003322617005323991
15 0.004199248010991141
20 0.00678651500493288
30 0.013545780995627865
35 0.0018476429977454245
40 0.0018565939972177148
45 0.002012401004321873
50 0.002151226013666019
55 0.002387579996138811
60 0.0025569449935574085
75 0.0030444870062638074
100 0.00463783202576451
110 0.004475936002563685
125 0.005031818000134081
160 0.0070227789983619004
200 0.010993396979756653
230 0.02038989099673927
250 0.02018654198036529
350 0.029926874994998798
500 0.07911236101062968
600 0.17006485600722954
800 0.20551726201665588
1000 0.5153051399975084
