2 0.011321959987981245
5 0.007232838979689404
10 0.00672670200583525
15 0.007976371009135619
20 0.011793421988841146
30 0.017818503984017298
35 0.021606431022519246
40 0.0033491939830128103
45 0.005123621987877414
50 0.007402354996884242
55 0.004734248999739066
60 0.004334286990342662
75 0.008231405023252591
100 0.0075992930214852095
110 0.0077355979883577675
125 0.006853825994767249
160 0.013763445022050291
200 0.016484621010022238
230 0.02106855798047036
250 0.03346850597881712
350 0.045098412985680625
500 0.09786084698862396
600 0.1166340810013935
800 0.2827973590174224
1000 0.5492783259833232
