2 0.0012755689967889339
5 0.0010198770032729954
10 0.0042458599782548845
15 0.0029209950007498264
20 0.0021403920254670084
30 0.002641983999637887
35 0.0026543689891695976
40 0.0028803449822589755
45 0.012269799975911155
50 0.00417662100517191
55 0.0024035919923335314
60 0.0024225779925473034
75 0.0057513150095473975
100 0.004717921983683482
110 0.004321424989029765
125 0.005140958994161338
160 0.030351543973665684
200 0.006393374991603196
230 0.007238093006890267
250 0.01625121501274407
350 0.01582180499099195
500 0.018099171022186056
600 0.02882144000614062
800 0.037697551015298814
1000 0.0762165279884357
