2 0.00698387500597164
5 0.001045891985995695
10 0.001247698994120583
15 0.001270272012334317
20 0.001606898003956303
30 0.002479941991623491
35 0.001873453991720453
40 0.002234554005553946
45 0.0033321109949611127
50 0.0032868050038814545
55 0.00204310700064525
60 0.0023982769926078618
75 0.004910429997835308
100 0.004141852987231687
110 0.004462684999452904
125 0.005503209016751498
160 0.018069557001581416
200 0.006698673008941114
230 0.01472947999718599
250 0.006605700007639825
350 0.013712936983210966
500 0.021208370017120615
600 0.022733093006536365
800 0.025312434998340905
1000 0.03888075301074423
