2 0.0032489000004716218
5 0.0017190829967148602
10 0.0019294359954074025
15 0.005959753994829953
20 0.00822592098847963
30 0.016350787016563118
35 0.0019960399949923158
40 0.003802695980994031
45 0.001906495017465204
50 0.004015632002847269
55 0.0023325429938267916
60 0.004663852014346048
75 0.004731688997708261
100 0.006433065020246431
110 0.006721980986185372
125 0.0056368289806414396
160 0.009783504996448755
200 0.013226736016804352
230 0.014432388998102397
250 0.01594915200257674
350 0.029838221991667524
500 0.052580533985747024
600 0.09660405400791205
800 0.21133850299520418
1000 0.4397148000134621
