2 0.0004729799984488636
5 0.000586969981668517
10 0.0009980610047932714
15 0.0015661850047763437
20 0.001915619010105729
30 0.001801639999030158
35 0.0017308360256720334
40 0.0023740819888189435
45 0.0024996499996632338
50 0.002613307995488867
55 0.0029131699993740767
60 0.0030160110036376864
75 0.002979430020786822
100 0.0037215659976936877
110 0.003709872020408511
125 0.004656453005736694
160 0.005047687009209767
200 0.006690298003377393
230 0.006513425003504381
250 0.008782837976468727
350 0.007656825007870793
500 0.013877415010938421
600 0.017686827981378883
800 0.03990378201706335
1000 0.08994186800555326
