2 0.0016067599935922772
5 0.0011567979818210006
10 0.0019682090205606073
15 0.003566534986020997
20 0.008865567011525854
30 0.012745885993354023
35 0.002025066001806408
40 0.002157700015231967
45 0.0019678400130942464
50 0.0020890489977318794
55 0.005490400013513863
60 0.002798506000544876
75 0.002995229995576665
100 0.004112312017241493
110 0.004596041981130838
125 0.005177518003620207
160 0.011887002008734271
200 0.01617355298367329
230 0.023988711007405072
250 0.03560463999747299
350 0.04122847298276611
500 0.10430170901236124
600 0.13665966800181195
800 0.3141043210052885
1000 0.7875694310059771
