2 0.0005093750078231096
5 0.0003398979897610843
10 0.0004019459884148091
15 0.0004474509914871305
20 0.0007223440043162555
30 0.0016371880192309618
35 0.0015575190191157162
40 0.0015669619897380471
45 0.0022328920022118837
50 0.003018298011738807
55 0.0027309480065014213
60 0.0025001819885801524
75 0.0033689699776005
100 0.0042555440159048885
110 0.004252468992490321
125 0.0046209720021579415
160 0.005772260017693043
200 0.0053247479954734445
230 0.0073939699796028435
250 0.008186637016478926
350 0.010901091998675838
500 0.014282291987910867
600 0.01801698299823329
800 0.03057283299858682
1000 0.04440184999839403
