2 0.0026931109896395355
5 0.0016502159996889532
10 0.002605906978715211
15 0.005684850999386981
20 0.010973473981721327
30 0.02201517700450495
35 0.0032375419978052378
40 0.0030031299975235015
45 0.003325390978716314
50 0.004476304980926216
55 0.00437900799443014
60 0.004227842000545934
75 0.005543496983591467
100 0.008010276011191308
110 0.006689867004752159
125 0.008221803000196815
160 0.010927194001851603
200 0.012519164010882378
230 0.0172554710006807
250 0.02129456598777324
350 0.02945980298682116
500 0.0491950290161185
600 0.08464643600746058
800 0.18345960299484432
1000 0.32327168199117295
