2 0.015282533975550905
5 0.015620963997207582
10 0.004297603998566046
15 0.0088395900093019
20 0.011216131009859964
30 0.024409824021859095
35 0.003358283021952957
40 0.0036821310059167445
45 0.005025235004723072
50 0.013659497984917834
55 0.00499571900581941
60 0.0057798199995886534
75 0.008545459975721315
100 0.007755647005978972
110 0.007685690012294799
125 0.0081335750001017
160 0.0117716160020791
200 0.02865526100504212
230 0.036350275011500344
250 0.12113544400199316
350 0.06442208599764854
500 0.05044445299427025
600 0.14477717300178483
800 0.19352413198794238
1000 0.4788577900035307
