2 0.0005172189848963171
5 0.0006960369937587529
10 0.0013132070016581565
15 0.0013716140238102525
20 0.00141443099710159
30 0.0017669560038484633
35 0.0015034520183689892
40 0.0022985939867794514
45 0.003208459005691111
50 0.0025261740083806217
55 0.0035849449923262
60 0.0027745069819502532
75 0.0027485970058478415
100 0.0026111030019819736
110 0.0038876099861226976
125 0.00420596799813211
160 0.00511099401046522
200 0.005778362014098093
230 0.008001119014807045
250 0.007430500001646578
350 0.006402080995030701
500 0.01563498200266622
600 0.021264170994982123
800 0.02571428200462833
1000 0.04408093701931648
