2 0.0013551790034398437
5 0.00111669598845765
10 0.0012151770060881972
15 0.001007704995572567
20 0.004780301998835057
30 0.0016229510074481368
35 0.0013671029882971197
40 0.002245537005364895
45 0.002432982000755146
50 0.001479365979321301
55 0.0035720550222322345
60 0.0015443750016856939
75 0.0036753459717147052
100 0.005522771010873839
110 0.003473358985502273
125 0.003908607002813369
160 0.007439801003783941
200 0.004491367988521233
230 0.010871539008803666
250 0.006847201002528891
350 0.009177330997772515
500 0.02081980399088934
600 0.07357891899300739
800 0.033399762003682554
1000 0.06624214298790321
