2 0.002923007996287197
5 0.0009275680058635771
10 0.0022865759965498
15 0.011705115990480408
20 0.015597246994730085
30 0.02789586700964719
35 0.006606191018363461
40 0.0033474169904366136
45 0.006729726999765262
50 0.005147040996234864
55 0.0032064349798019975
60 0.0046980610059108585
75 0.006041238986654207
100 0.007918741990579292
110 0.008648604998597875
125 0.011921647994313389
160 0.01193190598860383
200 0.012365978007437661
230 0.0190909740049392
250 0.018611926992889494
350 0.026884849998168647
500 0.05897477001417428
600 0.08029941000859253
800 0.14937917399220169
1000 0.2854641340090893
