2 0.001207836001412943
5 0.0009316290088463575
10 0.0049123129865620285
15 0.006587634008610621
20 0.0102492609876208
30 0.01822951200301759
35 0.00315245398087427
40 0.003065334021812305
45 0.003260715981014073
50 0.0034444019838701934
55 0.0036798159999307245
60 0.0038662839797325432
75 0.004429506021551788
100 0.005148898984771222
110 0.0053951049922034144
125 0.006066101981559768
160 0.008209041989175603
200 0.009829198999796063
230 0.010170734021812677
250 0.008068606024608016
350 0.01333716802764684
500 0.029835630004527047
600 0.026539801008766517
800 0.05618356601917185
1000 0.11448170099174604
