2 0.014521308010444045
5 0.0005788620037492365
10 0.0013233390054665506
15 0.0015745880082249641
20 0.0015914789983071387
30 0.0009836480021476746
35 0.0011533459764905274
40 0.0009067179926205426
45 0.0011224769987165928
50 0.0011312100104987621
55 0.002083744009723887
60 0.001466443995013833
75 0.004303719004383311
100 0.007553056988399476
110 0.003980151028372347
125 0.0031711049959994853
160 0.0066761120106093585
200 0.00885800999822095
230 0.007926443999167532
250 0.011538321006810293
350 0.010779030009871349
500 0.02351458402699791
600 0.056313628010684624
800 0.04183864698279649
1000 0.05405358501593582
