2 0.0025580500077921897
5 0.0013157220091670752
10 0.003282612015027553
15 0.006433273985749111
20 0.010071466997032985
30 0.021938899997621775
35 0.0032892599992919713
40 0.0036020579864270985
45 0.0034538139880169183
50 0.004291468998417258
55 0.005105233984068036
60 0.01237411901820451
75 0.008211623004171997
100 0.006013984006131068
110 0.008426890010014176
125 0.009410067985299975
160 0.010814706998644397
200 0.010550443024840206
230 0.033820665004896
250 0.01933930700761266
350 0.02327395198517479
500 0.05483251399709843
600 0.07067067100433633
800 0.18438288001925685
1000 0.2705904880131129
