2 0.001196995028294623
5 0.0008806580153759569
10 0.0019184740085620433
15 0.0033008639875333756
20 0.0057166759797837585
30 0.012296220986172557
35 0.001849066000431776
40 0.0017698000010568649
45 0.0018702439847402275
50 0.0019864459754899144
55 0.0024538059951737523
60 0.0024835990043357015
75 0.0028752090001944453
100 0.00626231700880453
110 0.004208107013255358
125 0.007065912010148168
160 0.007463118992745876
200 0.010148086003027856
230 0.013299117010319605
250 0.017287500988459215
350 0.030238570005167276
500 0.0678408810053952
600 0.11840748699614778
800 0.2586282160191331
1000 0.4765819640015252
