2 0.0014491170004475862
5 0.0008042959962040186
10 0.0018188639951404184
15 0.003351546998601407
20 0.005633984983433038
30 0.011169750010594726
35 0.0015909450012259185
40 0.001840944983996451
45 0.001835019007558003
50 0.002122238016454503
55 0.0021485009929165244
60 0.002489570004399866
75 0.002920825994806364
100 0.003954671003157273
110 0.004269338998710737
125 0.004981870006304234
160 0.006851773010566831
200 0.009881862002657726
230 0.012419852981111035
250 0.014207291998900473
350 0.026126762997591868
500 0.06862946701585315
600 0.4766180879960302
800 0.5495494249917101
1000 1.0483746630197857
