2 0.0027463540027383715
5 0.0018212599970865995
10 0.003877751005347818
15 0.006183726014569402
20 0.01230442599626258
30 0.029353732999879867
35 0.008835451008053496
40 0.0038057899801060557
45 0.005630544008454308
50 0.0039114799874369055
55 0.005194159020902589
60 0.003838082018774003
75 0.004636110010324046
100 0.004296995000913739
110 0.004732111992780119
125 0.00778616001480259
160 0.008219719980843365
200 0.010027163021732122
230 0.019425072008743882
250 0.01657959900330752
350 0.025521439005387947
500 0.04816993101849221
600 0.10073257598560303
800 0.2071444960020017
1000 0.27298952999990433
