2 0.0015944589977152646
5 0.0012182029895484447
10 0.002052299998467788
15 0.006247296987567097
20 0.005962721013929695
30 0.021372140006860718
35 0.0027818999951705337
40 0.004666347987949848
45 0.0039648770180065185
50 0.007362495001871139
55 0.00438182198558934
60 0.0045852839830331504
75 0.006216220994247124
100 0.007341216987697408
110 0.00966453700675629
125 0.009845772001426667
160 0.008873997023329139
200 0.008297423017211258
230 0.008816754998406395
250 0.012227311002789065
350 0.020142273016972467
500 0.04959575700922869
600 0.07800256900372915
800 0.24964649201137945
1000 0.24458208700525574
