2 0.0007662580173928291
5 0.0008542609866708517
10 0.0004425020015332848
15 0.0011896560026798397
20 0.0006855590036138892
30 0.000967126979958266
35 0.0013624060084111989
40 0.0012720179802272469
45 0.002448175015160814
50 0.0029059069929644465
55 0.002224517986178398
60 0.0029074100020807236
75 0.0034548209805507213
100 0.0022160209773574024
110 0.0033210959809366614
125 0.003956377011490986
160 0.005240514990873635
200 0.006314058002317324
230 0.008759376010857522
250 0.0073956459818873554
350 0.011718646012013778
500 0.025111591996392235
600 0.019906673987861723
800 0.031137694022618234
1000 0.05429706198628992
