2 0.024680144008016214
5 0.0026827910041902214
10 0.0012612590217031538
15 0.0024950149818323553
20 0.0031460290192626417
30 0.0017098950047511607
35 0.0029247440106701106
40 0.0017660959856584668
45 0.002397036994807422
50 0.0029011940059717745
55 0.0025603279937058687
60 0.002773858985165134
75 0.005943833995843306
100 0.011225194990402088
110 0.005533167015528306
125 0.007775800011586398
160 0.01912449998781085
200 0.009456522995606065
230 0.014461701997788623
250 0.012368946016067639
350 0.011946579004870728
500 0.023613430006662384
600 0.024566092994064093
800 0.036257721978472546
1000 0.055343761981930584
