2 0.0009951980027835816
5 0.0007681229908484966
10 0.0013503810041584074
15 0.0010848520032595843
20 0.004355418001068756
30 0.0021173229906708
35 0.002250570018077269
40 0.0031371650111395866
45 0.004604579997248948
50 0.0025805640034377575
55 0.002991590998135507
60 0.004741643002489582
75 0.0035882169904652983
100 0.003948416997445747
110 0.004169774008914828
125 0.004911360010737553
160 0.0062097859918139875
200 0.005115652020322159
230 0.00598459699540399
250 0.007356068002991378
350 0.013521476008463651
500 0.018929591024061665
600 0.019025737012270838
800 0.04422218800755218
1000 0.049724848999176174
