2 0.0007272239890880883
5 0.0017505080031696707
10 0.0016388810181524605
15 0.0017657909775152802
20 0.0016497779870405793
30 0.0020572910143528134
35 0.002540688990848139
40 0.00242915001581423
45 0.002649541012942791
50 0.0029425040120258927
55 0.0027116250130347908
60 0.0028398600115906447
75 0.004545717005385086
100 0.004293732985388488
110 0.004316056001698598
125 0.0048592870007269084
160 0.010627948009641841
200 0.008052483986830339
230 0.0069789179833605886
250 0.007311163004487753
350 0.011888676992384717
500 0.014026566001120955
600 0.014912644983269274
800 0.034989765990758315
1000 0.05360474900226109
