2 0.0015382719866465777
5 0.002297416009241715
10 0.00202104399795644
15 0.0032640370191074908
20 0.005778908991487697
30 0.011237043014261872
35 0.0018943030154332519
40 0.001853987982030958
45 0.0021043120068497956
50 0.0019408389925956726
55 0.002270917990244925
60 0.002492097992217168
75 0.0034444360062479973
100 0.003974843013565987
110 0.002868541021598503
125 0.005658569018123671
160 0.004678052006056532
200 0.006182452023494989
230 0.00656790699576959
250 0.008145082014380023
350 0.012757150980178267
500 0.021929997019469738
600 0.036019307997776195
800 0.11416720598936081
1000 0.12609339799382724
