2 0.0012573680141940713
5 0.0009160950139630586
10 0.0020108370226807892
15 0.003408989985473454
20 0.007339019008213654
30 0.011850453010993078
35 0.0018509459914639592
40 0.0017782710201572627
45 0.0018468940106686205
50 0.0020250740053597838
55 0.002227493008831516
60 0.0024030990025494248
75 0.002745459001744166
100 0.0038498069916386157
110 0.003962724003940821
125 0.0044067940034437925
160 0.006354437005938962
200 0.008819809008855373
230 0.010753692011348903
250 0.014086367998970672
350 0.020252884016372263
500 0.03996137299691327
600 0.05884090601466596
800 0.12122511499910615
1000 0.237059348000912
