2 0.0019152459863107651
5 0.0017484099953435361
10 0.0022006090148352087
15 0.003986611991422251
20 0.008981430000858381
30 0.01334212301298976
35 0.0018426570168230683
40 0.0017646320047788322
45 0.0018704899994190782
50 0.0024873529910109937
55 0.0021678229968529195
60 0.0024013830116018653
75 0.0028451239923015237
100 0.0036190050013829023
110 0.004061951010953635
125 0.004763540986459702
160 0.006770948995836079
200 0.0110920800070744
230 0.014294856984633952
250 0.015732063009636477
350 0.03280328700202517
500 0.08185884499107487
600 0.12929308199090883
800 0.24470155901508406
1000 0.43393616800312884
