2 0.0055831829959061
5 0.0027037330146413296
10 0.0012963140034116805
15 0.0010735710093285888
20 0.0012430820206645876
30 0.0013404929777607322
35 0.001446707989089191
40 0.001369288977002725
45 0.0014508890162687749
50 0.0015729820006527007
55 0.0016745750035624951
60 0.0024975630221888423
75 0.0018315539928153157
100 0.002159826981369406
110 0.002234173007309437
125 0.0027124990010634065
160 0.006024119007633999
200 0.006037038983777165
230 0.0055350870243273675
250 0.0077997590124141425
350 0.007902835990535095
500 0.018738187005510554
600 0.025862565991701558
800 0.03846475898171775
1000 0.04759257897967473
