2 0.001604549994226545
5 0.0010187530133407563
10 0.0018691019795369357
15 0.0032586780143901706
20 0.005783011991297826
30 0.011133663996588439
35 0.0021091449889354408
40 0.0018389550095889717
45 0.0019835660059470683
50 0.0022685010044369847
55 0.0026193420053459704
60 0.002511205995688215
75 0.003454649995546788
100 0.004733702022349462
110 0.004922616004478186
125 0.010690697003155947
160 0.012573410989716649
200 0.017090868001105264
230 0.022361681010806933
250 0.027882993017556146
350 0.045738491986412555
500 0.1102574490068946
600 0.1523529679980129
800 0.45585620900965296
1000 0.480332509992877
