2 0.00125394799397327
5 0.0008906930161174387
10 0.0020534429932013154
15 0.0033266109821852297
20 0.005617372982669622
30 0.011681140022119507
35 0.0020291139953769743
40 0.0018554450070951134
45 0.003426960000069812
50 0.0037829119828529656
55 0.0038124260026961565
60 0.004144139995332807
75 0.003228894987842068
100 0.0036167630169074982
110 0.004613020981196314
125 0.004954512987751514
160 0.0071571839798707515
200 0.010619495005812496
230 0.013856075995136052
250 0.016583080985583365
350 0.0310843650077004
500 0.06662129302276298
600 0.11516319098882377
800 0.24564368900610134
1000 0.48992220000945963
