2 0.0008029679884202778
5 0.0005445540009532124
10 0.0008811970183160156
15 0.0009270219889003783
20 0.0008042249828577042
30 0.0009327329753432423
35 0.0012182499922346324
40 0.0019228580058552325
45 0.0017927779990714043
50 0.002014602010603994
55 0.002029609982855618
60 0.002284490008605644
75 0.0029663100140169263
100 0.003938915993785486
110 0.0023807990073692054
125 0.002792440995108336
160 0.003547190979588777
200 0.00519491100567393
230 0.0043855780095327646
250 0.004144809994613752
350 0.011014738993253559
500 0.020052875013789162
600 0.028021985985105857
800 0.051456518995109946
1000 0.05837398799485527
