2 0.0013176859938539565
5 0.0011185930052306503
10 0.0007628450111951679
15 0.0009129380050580949
20 0.0012609510158654302
30 0.01083047001156956
35 0.011481298977741972
40 0.002725197991821915
45 0.002519133995519951
50 0.002101597987348214
55 0.008599527005571872
60 0.006217846996150911
75 0.0032672149827703834
100 0.005226577981375158
110 0.004037423990666866
125 0.005792123003629968
160 0.005379773996537551
200 0.005685162002919242
230 0.006883460999233648
250 0.00815013301325962
350 0.014897012995788828
500 0.02314466401003301
600 0.026134201005334035
800 0.04758176300674677
1000 0.07773791102226824
