2 0.0015746599819976836
5 0.0008329330012202263
10 0.0018782920087687671
15 0.0032352230045944452
20 0.005600602977210656
30 0.011558825994143263
35 0.0017728010134305805
40 0.0017304389912169427
45 0.0018621250055730343
50 0.0021086219931021333
55 0.0023136459931265563
60 0.002413981012068689
75 0.0035181069979444146
100 0.004398096003569663
110 0.007256212993524969
125 0.0059277910040691495
160 0.007939608010929078
200 0.010610366996843368
230 0.016718967992346734
250 0.014711024996358901
350 0.030454850988462567
500 0.06455347698647529
600 0.1357616430032067
800 0.33040034398436546
1000 1.0520375469932333
