2 0.0013685539888683707
5 0.00070026601315476
10 0.0012659259955398738
15 0.008179794007446617
20 0.0021790710161440074
30 0.0020779059850610793
35 0.0030230940028559417
40 0.0037852480018045753
45 0.0036209789977874607
50 0.00555539401830174
55 0.0029989030153956264
60 0.003599498013500124
75 0.007963485986692831
100 0.0076984250044915825
110 0.0069572800130117685
125 0.004531423997832462
160 0.027336080005625263
200 0.028462793008657172
230 0.040765882993582636
250 0.05068099399795756
350 0.037139847001526505
500 0.1306426400260534
600 0.39705257597961463
800 0.1460615300165955
1000 0.07346230300026946
