2 0.0006700910162180662
5 0.0009001310099847615
10 0.0011556179961189628
15 0.000980573007836938
20 0.0010061549837701023
30 0.0010249229962937534
35 0.001295456982916221
40 0.00138116700691171
45 0.0018635660235304385
50 0.0020671490055974573
55 0.0018321390089113265
60 0.0026263179897796363
75 0.002556082996306941
100 0.004372429975774139
110 0.0049339859979227185
125 0.005318039999110624
160 0.004933421005262062
200 0.005870630004210398
230 0.005808571993838996
250 0.007094400993082672
350 0.008646111004054546
500 0.021837601001607254
600 0.015448033984284848
800 0.029345236980589107
1000 0.049941422999836504
