2 0.00045055901864543557
5 0.0005769950221292675
10 0.000987198989605531
15 0.0008328609983436763
20 0.0010419239988550544
30 0.0011059990210924298
35 0.001273000001674518
40 0.0013747129996772856
45 0.0020142389985267073
50 0.0025955020100809634
55 0.002974783012177795
60 0.0027425879961811006
75 0.0032404369849245995
100 0.0031449100060854107
110 0.0038193590007722378
125 0.004439191019628197
160 0.004704293009126559
200 0.005980160000035539
230 0.006796987989218906
250 0.00816561101237312
350 0.00762476900126785
500 0.01110602100379765
600 0.014676115999463946
800 0.034741265000775456
1000 0.042887099989457056
