2 0.0027315859915688634
5 0.0028637359791900963
10 0.004125353996641934
15 0.007080278010107577
20 0.012052152975229546
30 0.026753679994726554
35 0.004627148999134079
40 0.002786405006190762
45 0.0036282200017012656
50 0.005002257006708533
55 0.003950015990994871
60 0.003530054003931582
75 0.005337759997928515
100 0.006604646012419835
110 0.007530456001404673
125 0.010047187999589369
160 0.015091624023625627
200 0.018226040003355592
230 0.017142780008725822
250 0.030454884021310136
350 0.026731460995506495
500 0.1102960419957526
600 0.10036249598488212
800 0.205854330008151
1000 0.2622888649930246
