2 0.0004790250095538795
5 0.0005965860036667436
10 0.0009521470055915415
15 0.0007276160176843405
20 0.001062258001184091
30 0.001076793996617198
35 0.0011153219966217875
40 0.0014864660042803735
45 0.0021378009987529367
50 0.00212402202305384
55 0.0019582450040616095
60 0.002428719017188996
75 0.0027277280169073492
100 0.0038350340037140995
110 0.0036427630111575127
125 0.0042916699894703925
160 0.0056623080163262784
200 0.006480964017100632
230 0.006870678975246847
250 0.006047241011401638
350 0.008216478017857298
500 0.012001105991657823
600 0.017423954006517306
800 0.04314053000416607
1000 0.06413952200091444
