2 0.002166759019019082
5 0.0016183819971047342
10 0.0024894429952837527
15 0.010194333008257672
20 0.008433454990154132
30 0.01830409001559019
35 0.0025964230007957667
40 0.002945267013274133
45 0.003296885988675058
50 0.002962864004075527
55 0.003604927012929693
60 0.003996239975094795
75 0.004392061993712559
100 0.0056485630047973245
110 0.00727495999308303
125 0.008415888994932175
160 0.013080897013423964
200 0.014680113003123552
230 0.018287042010342702
250 0.018408634001389146
350 0.018761039013043046
500 0.04748557400307618
600 0.1719294360082131
800 0.1936966119974386
1000 0.5675594049971551
