2 0.0012104809866286814
5 0.00101842699223198
10 0.001948043005540967
15 0.003594729001633823
20 0.006073911004932597
30 0.014549093000823632
35 0.001862959994468838
40 0.0018727520073298365
45 0.001866097009042278
50 0.0021513279934879392
55 0.002297974016983062
60 0.002322707005077973
75 0.0027912550140172243
100 0.003400600020540878
110 0.004152648005401716
125 0.00446981200366281
160 0.006257050990825519
200 0.008366876019863412
230 0.010470660985447466
250 0.012426778994267806
350 0.02028962198528461
500 0.04978117099381052
600 0.06048900299356319
800 0.12652630600496195
1000 0.23248352800146677
