2 0.012263802025699988
5 0.0030213440186344087
10 0.012929002987220883
15 0.009599516983143985
20 0.10743386700050905
30 0.026264475018251687
35 0.011510381998959929
40 0.01023639997583814
45 0.03638926398707554
50 0.1188766990089789
55 0.034886614012066275
60 0.04139586599194445
75 0.01155215100152418
100 0.011295720003545284
110 0.018850698979804292
125 0.03815551201114431
160 0.2440478799981065
200 0.0133410359849222
230 0.02018145698821172
250 0.029603331990074366
350 0.22287857401533984
500 0.3780536570120603
600 0.1094162430090364
800 0.23379417299292982
1000 0.42736456799320877
