2 0.0009045620099641383
5 0.0017106090090237558
10 0.0016461570048704743
15 0.001890193991130218
20 0.002407697989838198
30 0.001964709983440116
35 0.002108986984239891
40 0.0029968339949846268
45 0.00211789199966006
50 0.002785639022476971
55 0.003795901982812211
60 0.002497478009900078
75 0.0032661239965818822
100 0.0065770109940785915
110 0.0037327049940358847
125 0.004582352004945278
160 0.005717936001019552
200 0.008701394021045417
230 0.009113806008826941
250 0.007841583981644362
350 0.016662593989167362
500 0.022778814018238336
600 0.04546898300759494
800 1.381699805991957
1000 0.6828349950083066
