2 0.0018896879919338971
5 0.0017598179983906448
10 0.0037849759974051267
15 0.007478472020011395
20 0.005500446975929663
30 0.011194835999049246
35 0.00179551902692765
40 0.0019571819866541773
45 0.0019348829810041934
50 0.0020635760156437755
55 0.002115704002790153
60 0.0024699690111447126
75 0.0027381139807403088
100 0.003766162000829354
110 0.004177763999905437
125 0.006007696007145569
160 0.006944251974346116
200 0.010304727999027818
230 0.013190767989726737
250 0.016368802986107767
350 0.03199342099833302
500 0.07746202900307253
600 0.1348850670037791
800 0.2529320539906621
1000 0.455741907004267
