2 0.0008944610017351806
5 0.0030564649787265807
10 0.0028185629926156253
15 0.006470919994171709
20 0.009984899981645867
30 0.019995303999166936
35 0.0037187949928920716
40 0.005236776021774858
45 0.005566327017731965
50 0.006783072982216254
55 0.008197287010261789
60 0.01316064500133507
75 0.015450449980562553
100 0.016391370008932427
110 0.019374897005036473
125 0.008831308980006725
160 0.016012146981665865
200 0.04127733601490036
230 0.09109686300507747
250 0.02884267599438317
350 0.10847300800378434
500 0.06317533398396336
600 0.1057262419781182
800 0.17659480799920857
1000 0.32679033698514104
