2 0.0007711919897701591
5 0.0006282209942582995
10 0.000647725973976776
15 0.0010191549954470247
20 0.0007976220222190022
30 0.0009182530047837645
35 0.0010131550079677254
40 0.0010205059952568263
45 0.0025702020211610943
50 0.0016030470142140985
55 0.00272736101760529
60 0.002722135977819562
75 0.0034937949967570603
100 0.0030858230020385236
110 0.0027883500151801854
125 0.004236940003465861
160 0.004803817981155589
200 0.00594352200278081
230 0.0075732510013040155
250 0.007364088989561424
350 0.005924480996327475
500 0.017351679998682812
600 0.01627400200231932
800 0.02522580500226468
1000 0.04391365699120797
