2 0.0017358559998683631
5 0.0009256670018658042
10 0.002146334998542443
15 0.0033551949891261756
20 0.005695845000445843
30 0.011252942989813164
35 0.0017294379940722138
40 0.0020742769993375987
45 0.0017962160054594278
50 0.001999425992835313
55 0.002378425997449085
60 0.002494845975888893
75 0.003117092011962086
100 0.0056097180058714
110 0.005371362989535555
125 0.005816850025439635
160 0.007608546002302319
200 0.012052996986312792
230 0.01634022602229379
250 0.01997047901386395
350 0.037322557996958494
500 0.06932754602166824
600 0.08897452201927081
800 0.33716264500981197
1000 0.461572834989056
