2 0.0006113799754530191
5 0.0006258729845285416
10 0.0011772909783758223
15 0.0008653209952171892
20 0.0011092390050180256
30 0.0010311180085409433
35 0.0014610099897254258
40 0.001910117018269375
45 0.0021168660023249686
50 0.0024440030101686716
55 0.002503116993466392
60 0.00223576498683542
75 0.002302726003108546
100 0.0035426669928710908
110 0.004518959001870826
125 0.005053200002294034
160 0.006923260021721944
200 0.007062343996949494
230 0.006496856018202379
250 0.008068859984632581
350 0.010617957974318415
500 0.019992310990346596
600 0.0178247980074957
800 0.03899329298292287
1000 0.05627857500803657
