2 0.0016426660004071891
5 0.0009365460136905313
10 0.0019471340056043118
15 0.003278253978351131
20 0.009049793996382505
30 0.0197764259937685
35 0.0030252120050136
40 0.003052450018003583
45 0.003344595985254273
50 0.003486442001303658
55 0.003272637986810878
60 0.003823568986263126
75 0.0057505249860696495
100 0.0051157269917894155
110 0.007183915004134178
125 0.007011820998741314
160 0.0076925989997107536
200 0.012592968007083982
230 0.015241752000292763
250 0.016032667976105586
350 0.021989627013681456
500 0.04747704998590052
600 0.06477846199413761
800 0.1308652329898905
1000 0.20100039200042374
