2 0.00789946599979885
5 0.002652989001944661
10 0.0063635109981987625
15 0.0162722310051322
20 0.03180961002362892
30 0.08660278900060803
35 0.017971975001273677
40 0.008274559018900618
45 0.010877346008783206
50 0.01275342097505927
55 0.014660093991551548
60 0.005988988996250555
75 0.01068954699439928
100 0.009059211995918304
110 0.013243686000350863
125 0.009196446015266702
160 0.01810988300712779
200 0.016807833017082885
230 0.025221415009582415
250 0.14505562599515542
350 0.08978712701355107
500 0.09706491598626599
600 0.4849900040135253
800 0.21859835897339508
1000 0.11943522997898981
