2 0.002048406022367999
5 0.0017641650047153234
10 0.002944604988442734
15 0.006115450989454985
20 0.010720207006670535
30 0.02059384499443695
35 0.0031586430268362164
40 0.0030669409898109734
45 0.0028697179805021733
50 0.0035404030058998615
55 0.005916864989558235
60 0.0037568779953289777
75 0.0043158120242878795
100 0.005224874010309577
110 0.005974860017886385
125 0.0068198940134607255
160 0.007447829004377127
200 0.007195133017376065
230 0.007354218978434801
250 0.007517482008552179
350 0.012586128985276446
500 0.02340091302176006
600 0.029281632014317438
800 0.06273143598809838
1000 0.1836648840107955
