2 0.0012578050082083791
5 0.000901332008652389
10 0.002396732976194471
15 0.0048178560100495815
20 0.00929263699799776
30 0.01225745098781772
35 0.0019698149990290403
40 0.0020722959889099
45 0.001983578025829047
50 0.0021630180126521736
55 0.002353208023123443
60 0.0025002479960676283
75 0.0031739870028104633
100 0.0037268779997248203
110 0.004259795998223126
125 0.004943958017975092
160 0.0073819780081976205
200 0.01063168200198561
230 0.01368458298384212
250 0.01960612300899811
350 0.030798045016126707
500 0.071058458997868
600 0.1323765589913819
800 0.2461697609978728
1000 0.4526807200163603
