2 0.0007381289906334132
5 0.000639099016552791
10 0.0008927229791879654
15 0.0010157260112464428
20 0.001002021977910772
30 0.0009703770047053695
35 0.0009828630136325955
40 0.0012350479955784976
45 0.0020797360048163682
50 0.0019930890121031553
55 0.002214291976997629
60 0.0028935969748999923
75 0.0031993419979698956
100 0.0035684609902091324
110 0.0032049809815362096
125 0.003981010988354683
160 0.005813802999909967
200 0.0061760500248055905
230 0.004432668996741995
250 0.00667025800794363
350 0.011757305008359253
500 0.011148115008836612
600 0.014265885984059423
800 0.027661837986670434
1000 0.03737123298924416
