2 0.0015614590083714575
5 0.0009656809852458537
10 0.0019494059961289167
15 0.0032609690097160637
20 0.00712053498136811
30 0.014526070997817442
35 0.0018396369996480644
40 0.003644413984147832
45 0.004117573000257835
50 0.005077212990727276
55 0.005435265979031101
60 0.003566789993783459
75 0.00789248599903658
100 0.0071771719958633184
110 0.006911437987582758
125 0.010958940023556352
160 0.010401751002063975
200 0.015801536006620154
230 0.025535454013152048
250 0.027929570991545916
350 0.04420797398779541
500 0.09852136299014091
600 0.1090658980247099
800 0.21445022799889557
1000 0.6443635159812402
