2 0.0006797079986426979
5 0.0008247400110121816
10 0.0014282590127550066
15 0.0018899709975812584
20 0.004620032996172085
30 0.002873580000596121
35 0.0022850130044389516
40 0.0024720809888094664
45 0.003832087997579947
50 0.002919480000855401
55 0.002703512000152841
60 0.004874670004937798
75 0.005286893981974572
100 0.005194769008085132
110 0.005317100993124768
125 0.007767204020638019
160 0.006583602022146806
200 0.005199946986977011
230 0.009436667984118685
250 0.007218136015580967
350 0.009389888000441715
500 0.02203315100632608
600 0.031531688990071416
800 0.04512849199818447
1000 0.08628940698690712
