2 0.0014618659915868193
5 0.0011701490147970617
10 0.002463246986735612
15 0.008800051000434905
20 0.007217186008347198
30 0.014804790989728644
35 0.002180542011046782
40 0.0032096210052259266
45 0.002041853003902361
50 0.003440634987782687
55 0.002418446005322039
60 0.00369572700583376
75 0.00300858000991866
100 0.004909227980533615
110 0.005309514002874494
125 0.006968578003579751
160 0.007997917011380196
200 0.010761395998997614
230 0.01371413201559335
250 0.014801857993006706
350 0.034736313013127074
500 0.08171851301449351
600 0.14119439700152725
800 0.3607394220016431
1000 0.4360610470175743
