2 0.002826584008289501
5 0.0010457170137669891
10 0.00235756000620313
15 0.006401065998943523
20 0.008004920004168525
30 0.0160983570094686
35 0.0019210669852327555
40 0.003483264008536935
45 0.0019157309725414962
50 0.003976492007495835
55 0.0025106930115725845
60 0.004139138996833935
75 0.0045793449971824884
100 0.007234060001792386
110 0.006904465000843629
125 0.006643936998443678
160 0.008388868009205908
200 0.01164923800388351
230 0.015055202005896717
250 0.015317796991439536
350 0.02993669200805016
500 0.05562263700994663
600 0.08886030002031475
800 0.15629891899880022
1000 0.3376428520132322
