2 0.0005197420250624418
5 0.00038350699469447136
10 0.0010993810137733817
15 0.0016669290198478848
20 0.0006880910077597946
30 0.0017465879791416228
35 0.0012982990010641515
40 0.0015357369848061353
45 0.0015162559866439551
50 0.0013618050143122673
55 0.0013515970204025507
60 0.0015234019956551492
75 0.00201664402266033
100 0.0031649289885535836
110 0.004197722009848803
125 0.004172537999693304
160 0.005841401987709105
200 0.00518070298130624
230 0.008175025985110551
250 0.007452129997545853
350 0.008243496995419264
500 0.014991558011388406
600 0.01696349200210534
800 0.04266330099198967
1000 0.051773841987596825
