2 0.002170288993511349
5 0.0011365769896656275
10 0.006486816011602059
15 0.007262888015247881
20 0.014127193979220465
30 0.033672243007458746
35 0.003622060001362115
40 0.005176211008802056
45 0.008835562010062858
50 0.008534391992725432
55 0.004233508021570742
60 0.004343194974353537
75 0.005754484998760745
100 0.007430615019984543
110 0.009464436996495351
125 0.008114371012197807
160 0.010151037015020847
200 0.013315295014763251
230 0.016599417984252796
250 0.015227861003950238
350 0.022294770024018362
500 0.04673231698689051
600 0.07426778899389319
800 0.11535062399343587
1000 0.19774396100547165
