2 0.0006226350087672472
5 0.0009860199934337288
10 0.0012696160119958222
15 0.0009633069857954979
20 0.0010946379916276783
30 0.0010935559985227883
35 0.0013031339913140982
40 0.0019673180067911744
45 0.0022508969996124506
50 0.0021201149793341756
55 0.002659133984707296
60 0.0026281069731339812
75 0.0029037490021437407
100 0.003591111017158255
110 0.003941205010050908
125 0.004256604996044189
160 0.004780539980856702
200 0.004446409002412111
230 0.006156224000733346
250 0.007987927994690835
350 0.009203185007208958
500 0.011495001002913341
600 0.015602178988046944
800 0.03507887202431448
1000 0.04815479798708111
