2 0.0027799480012618005
5 0.0017265249916817993
10 0.004380153986858204
15 0.00677561599877663
20 0.010629911994328722
30 0.020816637988900766
35 0.003169826988596469
40 0.0029943810077384114
45 0.006131200992967933
50 0.004358792997663841
55 0.004737712006317452
60 0.004924702981952578
75 0.0065451150003355
100 0.011112867010524496
110 0.007339809002587572
125 0.011062575998948887
160 0.01393840101081878
200 0.01780849101487547
230 0.019253014004789293
250 0.022692764992825687
350 0.04212772799655795
500 0.09021466199192218
600 0.09566351200919598
800 0.24386102298740298
1000 0.43588939600158483
