2 0.0006688139983452857
5 0.0010226769954897463
10 0.001337188994511962
15 0.0019735370005946606
20 0.0017062079859897494
30 0.0017949019966181368
35 0.0022152029850985855
40 0.0024123089970089495
45 0.0026682449970394373
50 0.0026302530022803694
55 0.002872097014915198
60 0.0028765079914592206
75 0.003645360004156828
100 0.004123329010326415
110 0.004694347997428849
125 0.004844934010179713
160 0.004808655008673668
200 0.005556171003263444
230 0.006842605012934655
250 0.006343159999232739
350 0.007852940005250275
500 0.011965279991272837
600 0.014296726993052289
800 0.03767919901292771
1000 0.04070103299454786
