2 0.0023486630234401673
5 0.001290596992475912
10 0.003194937016814947
15 0.004797177010914311
20 0.007173592020990327
30 0.02174054499482736
35 0.0036973450041841716
40 0.003588565974496305
45 0.0038408159743994474
50 0.005922317010117695
55 0.004897222999716178
60 0.004841924004722387
75 0.00516774199786596
100 0.007209938019514084
110 0.006329919007839635
125 0.007452552003087476
160 0.008335149002959952
200 0.012078340980224311
230 0.01930574799189344
250 0.032116358022904024
350 0.031081232998985797
500 0.042012088000774384
600 0.06979710501036607
800 0.16163887601578608
1000 0.21585469201090746
