2 0.0011540529958438128
5 0.000923224026337266
10 0.0028311869828030467
15 0.005564346996834502
20 0.00597594102146104
30 0.011027202010154724
35 0.0018241890065837651
40 0.001978205982595682
45 0.0018874609959311783
50 0.0019844519847538322
55 0.0022776920231990516
60 0.0023579639964737
75 0.0029615160019602627
100 0.0034723310091067106
110 0.00405988801503554
125 0.004805171018233523
160 0.008857969020027667
200 0.009675676992628723
230 0.011945375998038799
250 0.014733927004272118
350 0.03042525000637397
500 0.07969755001249723
600 0.10710963301244192
800 0.22020241001155227
1000 0.5626238249824382
