2 0.0022276859963312745
5 0.0009159199835266918
10 0.0060818520141765475
15 0.004618713981471956
20 0.006956617988180369
30 0.023498558992287144
35 0.004385960986837745
40 0.004244466021191329
45 0.004539703979389742
50 0.005070877989055589
55 0.0038263440073933452
60 0.004563187016174197
75 0.006248839985346422
100 0.006148012995254248
110 0.006498016009572893
125 0.00887754000723362
160 0.010591436992399395
200 0.010944515990559012
230 0.012514336995081976
250 0.02196768400608562
350 0.04332470498047769
500 0.09206689201528206
600 0.1805387779895682
800 0.4197883470042143
1000 0.7761411870014854
