2 0.0011877749930135906
5 0.0018454379751347005
10 0.0026339750038459897
15 0.004399597004521638
20 0.009032208996359259
30 0.015813325997442007
35 0.003942987008485943
40 0.0031022600014694035
45 0.0029063700058031827
50 0.004330183990532532
55 0.004448415013030171
60 0.004147550993366167
75 0.004171826003585011
100 0.004062087973579764
110 0.006332668999675661
125 0.005499342019902542
160 0.009537625999655575
200 0.012642482994124293
230 0.011777017003623769
250 0.014795155002502725
350 0.03023210901301354
500 0.046362227003555745
600 0.07389555498957634
800 0.14108411100460216
1000 0.2259966749988962
