2 0.0004848369862884283
5 0.0008872929902281612
10 0.0008833099855110049
15 0.0008836479973979294
20 0.0011159850109834224
30 0.0010870409896597266
35 0.001227563014253974
40 0.0013681150157935917
45 0.002191411011153832
50 0.002141358010703698
55 0.0029847830010112375
60 0.003481879975879565
75 0.0046465659979730844
100 0.0040038890147116035
110 0.0035628659825306386
125 0.004434697009855881
160 0.005615517991827801
200 0.006860922003397718
230 0.006580992980161682
250 0.009709714009659365
350 0.019577785016736016
500 0.027192640001885593
600 0.023622206994332373
800 0.051670820015715435
1000 0.08321637602057308
