2 0.0011621370213106275
5 0.0011060310062021017
10 0.0010657910024747252
15 0.0012736819917336106
20 0.0017994269728660583
30 0.0016021560004446656
35 0.002424410980893299
40 0.0046324050053954124
45 0.003739199979463592
50 0.001658766996115446
55 0.002573987003415823
60 0.0032127960002981126
75 0.0028185809787828475
100 0.0038765369972679764
110 0.0030261520005296916
125 0.004200764000415802
160 0.004993484995793551
200 0.006120083999121562
230 0.00648407798144035
250 0.004386988002806902
350 0.006270141981076449
500 0.02312957600224763
600 0.027788830979261547
800 0.031056545994943008
1000 0.04190365399699658
