2 0.001438456994947046
5 0.0011115510133095086
10 0.0027230919804424047
15 0.0036311220028437674
20 0.008617386978585273
30 0.016903220996027812
35 0.001982268993742764
40 0.0019788429781328887
45 0.001945285010151565
50 0.0021938120189588517
55 0.00230397199629806
60 0.0029048179858364165
75 0.0030634950089734048
100 0.0035641490248963237
110 0.004113001021323726
125 0.004714868002338335
160 0.006386324006598443
200 0.00832412700401619
230 0.010675873985746875
250 0.013869707996491343
350 0.02142671201727353
500 0.05613811599323526
600 0.06827862898353487
800 0.15962197599583305
1000 0.2804198770027142
