2 0.0015011759824119508
5 0.000990102009382099
10 0.0025082060019485652
15 0.003940144000807777
20 0.007360914984019473
30 0.018726800015429035
35 0.0024375880020670593
40 0.0021445919992402196
45 0.002704874990740791
50 0.0034454810083843768
55 0.003667321987450123
60 0.003176359983626753
75 0.004197201982606202
100 0.0051817509811371565
110 0.006576108979061246
125 0.008649373980006203
160 0.033766295993700624
200 0.0387134529883042
230 0.044410278991563246
250 0.05912062499555759
350 0.12671475901152007
500 0.17755234299693257
600 0.3949872750090435
800 0.40420481699402444
1000 0.5759080849820748
