2 0.005426891992101446
5 0.004327039991039783
10 0.004051866999361664
15 0.007366937003098428
20 0.013055260002147406
30 0.025902597000822425
35 0.0038760290190111846
40 0.004135989001952112
45 0.0034266890143044293
50 0.025615380000090227
55 0.022150600008899346
60 0.01268677701591514
75 0.005717825988540426
100 0.009639828000217676
110 0.017745081015164033
125 0.020408922020578757
160 0.024425929004792124
200 0.012711977993603796
230 0.016385944007197395
250 0.018773129006149247
350 0.029261933988891542
500 0.07265598999219947
600 0.09772707501542754
800 0.20722450001630932
1000 0.3728806699800771
