2 0.014870781975332648
5 0.0072150659980252385
10 0.0040614989993628114
15 0.013766383985057473
20 0.0186296789906919
30 0.03449673898285255
35 0.017260177002754062
40 0.004693864000728354
45 0.0062418089946731925
50 0.005484107008669525
55 0.0040673350158613175
60 0.005270632012980059
75 0.010537530994042754
100 0.007016179995844141
110 0.0056695610110182315
125 0.007439498003805056
160 0.010297851025825366
200 0.0094057550013531
230 0.01060607100953348
250 0.010442117025377229
350 0.020862147997831926
500 0.03433197099366225
600 0.04963601499912329
800 0.2634939629933797
1000 0.17576489702332765
