2 0.002489622012944892
5 0.002078939985949546
10 0.005296017014188692
15 0.003904317010892555
20 0.01121929899090901
30 0.016666720010107383
35 0.001958387001650408
40 0.0034458749869372696
45 0.0034791599900927395
50 0.00472801600699313
55 0.0033404729911126196
60 0.003022051998414099
75 0.0052578689937945455
100 0.006162195990327746
110 0.006107208988396451
125 0.006309791991952807
160 0.006651665986282751
200 0.008561007998650894
230 0.006934948993148282
250 0.006955916993319988
350 0.012658127991016954
500 0.023399988014716655
600 0.03659890199196525
800 0.12215820502024144
1000 0.15747131398529746
