2 0.015340799989644438
5 0.013683173019671813
10 0.0040522399940527976
15 0.00726516600116156
20 0.011709804006386548
30 0.03454335397691466
35 0.013328171015018597
40 0.0035479369980748743
45 0.002485659992089495
50 0.0037474120035767555
55 0.004714375012554228
60 0.006544865987962112
75 0.009928876010235399
100 0.008189351006876677
110 0.006097412027884275
125 0.00944893600535579
160 0.012837537011364475
200 0.025974977994337678
230 0.01261297200107947
250 0.017110719985794276
350 0.0254890080250334
500 0.06605130000389181
600 0.043370972998673096
800 0.10793105699121952
1000 0.11676874500699341
