2 0.000750670995330438
5 0.0010512910084798932
10 0.0009815560188144445
15 0.0007615860085934401
20 0.0007379970047622919
30 0.0009557039884384722
35 0.0011049940076190978
40 0.0012753409973811358
45 0.0015835569938644767
50 0.002383515005931258
55 0.0036744960234500468
60 0.003984952985774726
75 0.004010303993709385
100 0.015703665994806215
110 0.0036457270034588873
125 0.00413965099141933
160 0.010822604992426932
200 0.006346124981064349
230 0.0053158939990680665
250 0.007098700007190928
350 0.007060981006361544
500 0.0160921530041378
600 0.019725194986676797
800 0.033226055005798116
1000 0.06138925699633546
