2 0.003360533999511972
5 0.002684598002815619
10 0.002890575007768348
15 0.004845783987548202
20 0.01130412399652414
30 0.016603848984232172
35 0.0020974490034859627
40 0.0035373599966987967
45 0.00410260001081042
50 0.004277568019460887
55 0.0042699259938672185
60 0.0035412439901847392
75 0.0034054839925374836
100 0.004854344995692372
110 0.005775879981229082
125 0.00770960800582543
160 0.005639428010908887
200 0.005310449982061982
230 0.006019332999130711
250 0.006725607003318146
350 0.009875363000901416
500 0.018653209001058713
600 0.02374909198260866
800 0.0902275739936158
1000 0.24830403699888848
