2 0.0004812949919141829
5 0.0005991049984004349
10 0.0008820589864626527
15 0.000998954987153411
20 0.0011954119836445898
30 0.0011338189942762256
35 0.0011167150223627687
40 0.0014286059886217117
45 0.001492976996814832
50 0.0015024790191091597
55 0.0017117800016421825
60 0.0024908249906729907
75 0.002361324994126335
100 0.002562434005085379
110 0.0026962690171785653
125 0.0029475680203177035
160 0.003207636997103691
200 0.003823136998107657
230 0.005230383016169071
250 0.006416546006221324
350 0.009533883014228195
500 0.029788251995341852
600 0.03262666898081079
800 0.03819737397134304
1000 0.14226123900152743
