2 0.0031479869794566184
5 0.003373605984961614
10 0.0038706110208295286
15 0.007600625976920128
20 0.010114036995219067
30 0.02253445700625889
35 0.004638437007088214
40 0.0034889240050688386
45 0.004666396998800337
50 0.006552927021402866
55 0.006925369001692161
60 0.006252905004657805
75 0.005046241014497355
100 0.010608034994220361
110 0.009299756027758121
125 0.01094444200862199
160 0.013730869017308578
200 0.014517373987473547
230 0.02165243899798952
250 0.014146131987217814
350 0.025898179010255262
500 0.035995471000205725
600 0.058563798025716096
800 0.5902941859967541
1000 0.4146829530072864
