2 0.001675128994975239
5 0.0008674960117787123
10 0.0023214710236061364
15 0.003401972004212439
20 0.007105747004970908
30 0.019456229987554252
35 0.00338451997959055
40 0.003970786987338215
45 0.004502580995904282
50 0.0036185950157232583
55 0.0031022829934954643
60 0.005583393998676911
75 0.0048972150252666324
100 0.006149224995169789
110 0.006044148001819849
125 0.007950497994897887
160 0.010303476999979466
200 0.01432557200314477
230 0.01757657597772777
250 0.021272199985105544
350 0.049726674013072625
500 0.10221140901558101
600 0.14764941000612453
800 0.21725524999783374
1000 0.49706442301976494
