2 0.0011715820000972599
5 0.0010747230262495577
10 0.0011370550200808793
15 0.001502161001553759
20 0.0017151229840237647
30 0.0020955450017936528
35 0.0025221219984814525
40 0.001456095022149384
45 0.00244283999199979
50 0.002189522987464443
55 0.002180262003093958
60 0.0026720520108938217
75 0.0025025359936989844
100 0.0049096970178652555
110 0.0036821340036112815
125 0.004573871992761269
160 0.006546346005052328
200 0.006371277995640412
230 0.010867814009543508
250 0.005569592991378158
350 0.013702344003831968
500 0.021283831010805443
600 0.04172974298126064
800 0.0626769220107235
1000 0.08653082401724532
