2 0.0015745270065963268
5 0.001739252998959273
10 0.0013106480182614177
15 0.001442901004338637
20 0.002656700002262369
30 0.0023490110179409385
35 0.0024809040187392384
40 0.002655660005984828
45 0.0024341650132555515
50 0.004367509973235428
55 0.002820489025907591
60 0.00275748097919859
75 0.003428986994549632
100 0.0032033469760790467
110 0.005835075018694624
125 0.004900077008642256
160 0.0051636370189953595
200 0.005621744989184663
230 0.006807322992244735
250 0.006488974991953
350 0.00879462601733394
500 0.016770210000686347
600 0.023585896007716656
800 0.042468483006814495
1000 0.06280307000270113
