2 0.0025692720082588494
5 0.003171938005834818
10 0.002101244986988604
15 0.003682632988784462
20 0.010178654018091038
30 0.012030382000375539
35 0.0021505390177480876
40 0.001907532976474613
45 0.0018729900184553117
50 0.0021480179857462645
55 0.0025906210066750646
60 0.0024698190100025386
75 0.0029715900018345565
100 0.004946214001392946
110 0.00567697299993597
125 0.007477717008441687
160 0.010976956982631236
200 0.014212546986527741
230 0.017143992008641362
250 0.015677495015552267
350 0.037181666994001716
500 0.07702050599618815
600 0.1551575259945821
800 1.1272570379951503
1000 0.4368096300167963
