2 0.0005250399990472943
5 0.0003691950114443898
10 0.0003907759964931756
15 0.0008577130211051553
20 0.0005945840093772858
30 0.0008499579853378236
35 0.0007299650169443339
40 0.0010722310107667
45 0.0008487419981975108
50 0.0013461819908116013
55 0.0022653939959127456
60 0.0030565750203095376
75 0.003555948002031073
100 0.004332090989919379
110 0.004993648006347939
125 0.005565001018112525
160 0.010090107010910287
200 0.006548587989527732
230 0.007323105004616082
250 0.005842715996550396
350 0.008698310994077474
500 0.013343742990400642
600 0.019402165024075657
800 0.04250470802071504
1000 0.05369643701124005
