2 0.0036726930120494217
5 0.0015744910051580518
10 0.00392050898517482
15 0.00639038800727576
20 0.011710748018231243
30 0.02171032698242925
35 0.002839237014995888
40 0.00375499899382703
45 0.007240929000545293
50 0.005154684011358768
55 0.006955080985790119
60 0.005286475992761552
75 0.006447413994465023
100 0.011347222985932603
110 0.006601253000553697
125 0.008823437994578853
160 0.009404764015926048
200 0.011500677006551996
230 0.012688434013398364
250 0.012841320014558733
350 0.028867926012026146
500 0.08311654298449866
600 0.09996128801140003
800 0.2699956389842555
1000 0.42804989698925056
