2 0.0013329109933692962
5 0.0013574780023191124
10 0.0026178880070801824
15 0.006113328010542318
20 0.010960035986499861
30 0.018244145991047844
35 0.003499143000226468
40 0.003205101005733013
45 0.0036726889957208186
50 0.0036265810194890946
55 0.003735167992999777
60 0.005670059996191412
75 0.005525690998183563
100 0.004560792003758252
110 0.006683577987132594
125 0.006707395019475371
160 0.009341302007669583
200 0.014506282022921368
230 0.016767418012022972
250 0.01702843201928772
350 0.0350800690066535
500 0.08389999897917733
600 0.16783415401005186
800 1.6476267690013628
1000 0.5510465550178196
