2 0.0012523550249170512
5 0.0008773959998507053
10 0.0019636820070445538
15 0.00344110798323527
20 0.0057241119793616235
30 0.011413385975174606
35 0.0018127269868273288
40 0.0018008689803536981
45 0.0020157430262770504
50 0.0021803859854117036
55 0.002181774005293846
60 0.0026988530007656664
75 0.003013934998307377
100 0.0035637019900605083
110 0.004106692998902872
125 0.004802575014764443
160 0.0067280369985383
200 0.010035120998509228
230 0.01760332001140341
250 0.02503620501374826
350 0.030208242998924106
500 0.08351727199624293
600 0.13167134701507166
800 0.2418838450103067
1000 0.4225133160070982
