2 0.005020923999836668
5 0.0008178260177373886
10 0.0031292400090023875
15 0.0022185650013852865
20 0.0029556030058301985
30 0.004106134991161525
35 0.0019888269889634103
40 0.003494935022899881
45 0.007212210999568924
50 0.005832175986142829
55 0.0025996399926953018
60 0.0034296970115974545
75 0.003507640998577699
100 0.004594300989992917
110 0.006774259003577754
125 0.006206477992236614
160 0.006211627012817189
200 0.007842601975426078
230 0.009967316000256687
250 0.007877950993133709
350 0.012001241004327312
500 0.02244950897875242
600 0.0329516849888023
800 0.05101011399528943
1000 0.08737021600245498
