2 0.0012325260031502694
5 0.0008804789977148175
10 0.0019453330023679882
15 0.003248888999223709
20 0.007175529026426375
30 0.01707672802149318
35 0.0028002939943689853
40 0.0030990850063972175
45 0.0034489920071791857
50 0.003674559004139155
55 0.003780475992243737
60 0.004154144990025088
75 0.004578410007525235
100 0.005369022983359173
110 0.006297437008470297
125 0.005994774022838101
160 0.00876085800700821
200 0.011232296004891396
230 0.017896864999784157
250 0.020017462986288592
350 0.02784626599168405
500 0.05908419899060391
600 0.08080141601385549
800 0.11749193799914792
1000 0.2080900030268822
