2 0.0008313200087286532
5 0.0014926749863661826
10 0.0022565479739569128
15 0.002252863981993869
20 0.0014164510066621006
30 0.0015314889897126704
35 0.002677079988643527
40 0.001544763013953343
45 0.00399325299076736
50 0.002205054013757035
55 0.0022456609876826406
60 0.010052746976725757
75 0.004069168004207313
100 0.0036490620113909245
110 0.004575108003336936
125 0.0044762220059055835
160 0.007295757997781038
200 0.00561853899853304
230 0.015955120004946366
250 0.012832609005272388
350 0.01359344000229612
500 0.026328851003199816
600 0.03770357801113278
800 0.05753715999890119
1000 0.11407951099681668
