2 0.0015237100014928728
5 0.0010448359826114029
10 0.002242225018562749
15 0.004452705994481221
20 0.011928030988201499
30 0.022174640995217487
35 0.004931296978611499
40 0.0028171250014565885
45 0.009172410995233804
50 0.00442267901962623
55 0.008499805990140885
60 0.004913701006444171
75 0.009121066017542034
100 0.00812736400985159
110 0.006892503995914012
125 0.006035936996340752
160 0.008309609984280542
200 0.010803040000610054
230 0.013103951001539826
250 0.017035640019457787
350 0.02557614102261141
500 0.04613686501397751
600 0.07022149898693897
800 0.1816281560168136
1000 0.24910588198690675
