2 0.00593680699239485
5 0.006171815999550745
10 0.0007522880041506141
15 0.0028990129940211773
20 0.0021819579997099936
30 0.002118352014804259
35 0.008101021987386048
40 0.003795904020080343
45 0.0015204939991235733
50 0.001527115993667394
55 0.003383371018571779
60 0.0023742600169498473
75 0.003658094006823376
100 0.0025687600136734545
110 0.0025647399888839573
125 0.003911350999260321
160 0.005751963006332517
200 0.006230667000636458
230 0.005291167995892465
250 0.0058584770013112575
350 0.008006099000340328
500 0.018171047006035224
600 0.03146004900918342
800 0.041276592994108796
1000 0.0903522279986646
