2 0.005949954997049645
5 0.0016069929988589138
10 0.0033383650006726384
15 0.005104679992655292
20 0.012177766999229789
30 0.025722551014041528
35 0.004887029994279146
40 0.0019914399890694767
45 0.0045666810183320194
50 0.002774927008431405
55 0.002336801990168169
60 0.0027663630025926977
75 0.0034674610069487244
100 0.004398187011247501
110 0.006610145006561652
125 0.005654796987073496
160 0.0076195040019229054
200 0.009422845992958173
230 0.011494359001517296
250 0.016474567004479468
350 0.02322406999883242
500 0.05655248500988819
600 0.22002273600082844
800 0.21047045299201272
1000 0.4049886580032762
