2 0.015352163987699896
5 0.0015018139965832233
10 0.0015283770044334233
15 0.0017393470043316483
20 0.002111346024321392
30 0.0022691799968015403
35 0.002390552981523797
40 0.002024497982347384
45 0.004104297986486927
50 0.0021583100024145097
55 0.0036531899822875857
60 0.002833898994140327
75 0.003250345995184034
100 0.0059620949905365705
110 0.004469499981496483
125 0.006739632022799924
160 0.011949544015806168
200 0.009088574995985255
230 0.013706787023693323
250 0.008360624982742593
350 0.01568973300163634
500 0.014708358998177573
600 0.024801060993922874
800 0.05706168702454306
1000 0.05566969301435165
