2 0.0018343619885854423
5 0.001034126995364204
10 0.0021218110050540417
15 0.004463700985070318
20 0.005664322001393884
30 0.011564685992198065
35 0.0018713129975367337
40 0.0020601550058927387
45 0.0020916849898640066
50 0.0036615240096580237
55 0.002682002988876775
60 0.0026606169994920492
75 0.002873992983950302
100 0.003929919999791309
110 0.005799926002509892
125 0.004942067025694996
160 0.007268471992574632
200 0.011476242012577131
230 0.01332681201165542
250 0.017695434973575175
350 0.03038735600421205
500 0.0823285479855258
600 0.19537924099131487
800 0.2817273309919983
1000 0.6308217020123266
