2 0.0015013800002634525
5 0.0008647970098536462
10 0.001913256011903286
15 0.003236033982830122
20 0.0054665379866492
30 0.010917269974015653
35 0.0018864390149246901
40 0.001820670993765816
45 0.0021169320098124444
50 0.0020432230085134506
55 0.00223904600716196
60 0.002414653019513935
75 0.003152107005007565
100 0.004726807004772127
110 0.005035395995946601
125 0.0059088800044264644
160 0.008530688006430864
200 0.010806675010826439
230 0.015277925005648285
250 0.014662890986073762
350 0.028066071012290195
500 0.07315469102468342
600 0.1677244000020437
800 0.280567798006814
1000 0.437863920989912
