2 0.0014223229954950511
5 0.0009996169828809798
10 0.0020357910252641886
15 0.0034856160054914653
20 0.005973777006147429
30 0.012242077005794272
35 0.0017552269855514169
40 0.0017730079998727888
45 0.0019331250223331153
50 0.0019700800185091794
55 0.002296501013915986
60 0.002513261017156765
75 0.0029097829828970134
100 0.0037735080113634467
110 0.005985962983686477
125 0.004614792997017503
160 0.006426373001886532
200 0.00926894400618039
230 0.012152915995102376
250 0.01425139099592343
350 0.03223881300073117
500 0.07500813598744571
600 0.15806321398122236
800 0.2404339149943553
1000 0.42200042100739665
