2 0.0017881820094771683
5 0.0025309939810540527
10 0.005420908011728898
15 0.010136589000467211
20 0.015584304986987263
30 0.03446683700894937
35 0.004004298010841012
40 0.007393059990135953
45 0.01123072998598218
50 0.00668187698465772
55 0.005144487018696964
60 0.006106080982135609
75 0.009329625987447798
100 0.009826716996030882
110 0.009415330976480618
125 0.007841095008188859
160 0.01411763799842447
200 0.020047575992066413
230 0.05866374200559221
250 0.0716955510142725
350 0.14270195600693114
500 0.5694860439980403
600 0.20386313999188133
800 0.23924902200815268
1000 0.46999670800869353
