2 0.0005244450003374368
5 0.0006972150004003197
10 0.0008094939985312521
15 0.000637866003671661
20 0.0008106649911496788
30 0.0008232120017055422
35 0.0010174399940297008
40 0.0015756820212118328
45 0.0027363209810573608
50 0.0015169289836194366
55 0.002253840008052066
60 0.001942144997883588
75 0.002224494004622102
100 0.0026382630167063326
110 0.003611127001931891
125 0.003724192996742204
160 0.0038940419908612967
200 0.0038741870084777474
230 0.004184213001281023
250 0.004465364996576682
350 0.008328399999300018
500 0.010948757990263402
600 0.01459795597475022
800 0.03556976898107678
1000 0.036227845994289964
