2 0.0011244380148127675
5 0.0018130270182155073
10 0.0038795429863967
15 0.0016824250051286072
20 0.0021047149784862995
30 0.0022503389918711036
35 0.004861966997850686
40 0.004314329999033362
45 0.003205921995686367
50 0.0039983600145205855
55 0.0034829840005841106
60 0.0029418400081340224
75 0.005319999996572733
100 0.004972626018570736
110 0.005338268005289137
125 0.005175972997676581
160 0.039919311995618045
200 0.007483544992282987
230 0.03681644098833203
250 0.05165629799012095
350 0.02445868798531592
500 0.18562149698846042
600 0.1386592600028962
800 0.2596521399973426
1000 0.14716472799773328
