2 0.0029435299802571535
5 0.001751875999616459
10 0.0034838900028262287
15 0.0073172239935956895
20 0.012039035005727783
30 0.024888149986509234
35 0.0062249920156318694
40 0.004295332997571677
45 0.011954196990700439
50 0.004546342010144144
55 0.004529072000877932
60 0.019270051998319104
75 0.005663119984092191
100 0.006080892984755337
110 0.006149207998532802
125 0.00934472499648109
160 0.023211062012705952
200 0.04613037998205982
230 0.021417843992821872
250 0.025778823997825384
350 0.038308538001729175
500 0.12325413999496959
600 0.09315823001088575
800 0.4581946170073934
1000 0.7801060769998003
