2 0.0004563489928841591
5 0.0005887169972993433
10 0.0005798370111733675
15 0.001006584003334865
20 0.0009725150011945516
30 0.0011924480204470456
35 0.0009409019839949906
40 0.0013344960170798004
45 0.002193266001995653
50 0.0026485520065762103
55 0.002633047988638282
60 0.0036110529908910394
75 0.0036725499958265573
100 0.0038975970237515867
110 0.0038439719937741756
125 0.00438883900642395
160 0.011335211020195857
200 0.004096176999155432
230 0.004291917983209714
250 0.007242047984618694
350 0.005996365012833849
500 0.01132965600118041
600 0.014219464006600901
800 0.031964149995474145
1000 0.0510781190241687
