2 0.0006089030066505075
5 0.0003977250016760081
10 0.0006195839960128069
15 0.0005856700008735061
20 0.0005351650179363787
30 0.0009504769986961037
35 0.001743989996612072
40 0.0016851499967742711
45 0.002099976991303265
50 0.002022884989855811
55 0.0020214300020597875
60 0.0023926669964566827
75 0.0032327569788321853
100 0.004026562004582956
110 0.003547386993886903
125 0.0049036029959097505
160 0.005418102984549478
200 0.007300285011297092
230 0.007657194015337154
250 0.008128728019073606
350 0.012552732980111614
500 0.015583492000587285
600 0.0165257649787236
800 0.03430003998801112
1000 0.05236206197878346
