2 0.021430930006317794
5 0.0021711690060328692
10 0.002168227976653725
15 0.001775079988874495
20 0.002158740011509508
30 0.005356371984817088
35 0.0024351570173166692
40 0.0019766699988394976
45 0.002263175992993638
50 0.0019553460006136447
55 0.003634377004345879
60 0.005030256987083703
75 0.0032128290040418506
100 0.0039041639829520136
110 0.004177850991254672
125 0.004456438997294754
160 0.0106186349876225
200 0.007393226987915114
230 0.009219611994922161
250 0.011793680023401976
350 0.02154175197938457
500 0.031840105017181486
600 0.048072065983433276
800 0.0632144330011215
1000 0.12883613700978458
