2 0.0004756030102726072
5 0.0005718559841625392
10 0.0005670360114891082
15 0.0007526100089307874
20 0.0006454559916164726
30 0.0009690110164228827
35 0.0015322600083891302
40 0.0011498320091050118
45 0.002122577978298068
50 0.002234532992588356
55 0.002490106999175623
60 0.0028692359919659793
75 0.0031606139964424074
100 0.003539928002282977
110 0.004046329006087035
125 0.004944153013639152
160 0.005430605000583455
200 0.005212511983700097
230 0.0060293140122666955
250 0.004770526982611045
350 0.01180945400847122
500 0.012008589983452111
600 0.020036392990732566
800 0.029269762977492064
1000 0.07645971400779672
