2 0.004248971992637962
5 0.0021105250052642077
10 0.004906749993097037
15 0.006973217998165637
20 0.016714058991055936
30 0.027757752017350867
35 0.0028332849906291813
40 0.0051679679891094565
45 0.0030997470021247864
50 0.007157048996305093
55 0.003979512985097244
60 0.005197314021643251
75 0.0069669969961978495
100 0.005416625994257629
110 0.010095409001223743
125 0.00931006099563092
160 0.014068468997720629
200 0.010383289976743981
230 0.018391159013845026
250 0.01758822801639326
350 0.023411693022353575
500 0.0587238879816141
600 0.10278646400547586
800 0.20269971099332906
1000 0.33883212800719775
