2 0.002302337990840897
5 0.0023029549920465797
10 0.003379548987140879
15 0.006312434998108074
20 0.011723584990249947
30 0.029229322011815384
35 0.003279272001236677
40 0.00330101401777938
45 0.003479264007182792
50 0.0036176709982100874
55 0.0041720639856066555
60 0.0032869190035853535
75 0.0031979150080587715
100 0.0049815170059446245
110 0.004812382976524532
125 0.005950961000053212
160 0.007136367989005521
200 0.00940876198001206
230 0.011634514026809484
250 0.00966037402395159
350 0.01774615401518531
500 0.019253172009484842
600 0.02392918599070981
800 0.06582511600572616
1000 0.11798901797737926
