2 0.001827535015763715
5 0.0008486869919579476
10 0.0018532270041760057
15 0.0032611249771434814
20 0.00879913501557894
30 0.011402350006392226
35 0.00172616500640288
40 0.0016596389759797603
45 0.001952979015186429
50 0.0019979969947598875
55 0.002163220982765779
60 0.0024567549990024418
75 0.0027439830009825528
100 0.0034817869891412556
110 0.00404036499094218
125 0.004954116011504084
160 0.005981868976959959
200 0.006890680990181863
230 0.008805485005723312
250 0.011255657998844981
350 0.016616662993328646
500 0.03033606000826694
600 0.17394978299853392
800 0.30259418999776244
1000 0.3196034530119505
