2 0.0024560439924243838
5 0.0011577599798329175
10 0.000952108995988965
15 0.005732460995204747
20 0.0013607119908556342
30 0.0056455699959769845
35 0.0016743059968575835
40 0.0029017260239925236
45 0.008172862988431007
50 0.008715133008081466
55 0.008184467005776241
60 0.00840895198052749
75 0.007298969983821735
100 0.008312791993375868
110 0.014054634986678138
125 0.009031820023665205
160 0.011269434005953372
200 0.02190613900893368
230 0.026616390008712187
250 0.026697035995312035
350 0.010148190980544314
500 0.021037661004811525
600 0.03673143498599529
800 0.0670367429847829
1000 0.0844291299872566
