2 0.0027725639811251312
5 0.0017749410180840641
10 0.003256616008002311
15 0.007070655003190041
20 0.006859270011773333
30 0.01783716300269589
35 0.003562215977581218
40 0.0031254820059984922
45 0.0021342480031307787
50 0.0022339819988701493
55 0.0021121140161994845
60 0.003240240999730304
75 0.0038621070270892233
100 0.004308183008106425
110 0.004560165980365127
125 0.005916216992773116
160 0.007532724994234741
200 0.009147444012342021
230 0.011396765010431409
250 0.012420583982020617
350 0.024153666978236288
500 0.05380800299462862
600 0.07326567100244574
800 0.16473646499798633
1000 0.30794456298463047
