2 0.00183800800004974
5 0.0019782510062213987
10 0.003670072997920215
15 0.006813585001509637
20 0.01116092101437971
30 0.02252999899792485
35 0.0036139349977020174
40 0.0036358679935801774
45 0.004601267981342971
50 0.004192155989585444
55 0.004194905020995066
60 0.005830517009599134
75 0.013541148975491524
100 0.007128318975446746
110 0.008347469993168488
125 0.0085280210187193
160 0.01016793999588117
200 0.014110360003542155
230 0.014935903978766873
250 0.019597114995121956
350 0.03047013099421747
500 0.1414616730180569
600 0.19208973000058904
800 0.3873430429957807
1000 0.28862613398814574
