2 0.0017168129852507263
5 0.0009166990057565272
10 0.0019780430011451244
15 0.0034164369862992316
20 0.005704224982764572
30 0.011362388991983607
35 0.0017371019930578768
40 0.0019071800052188337
45 0.002932169009000063
50 0.0023347279930021614
55 0.0023387160035781562
60 0.0021956079872325063
75 0.0033065810275729746
100 0.0042346150148659945
110 0.00740983898867853
125 0.00805387698346749
160 0.009871580987237394
200 0.01373386601335369
230 0.02247391000855714
250 0.015955173992551863
350 0.030233680998208
500 0.05360321098123677
600 0.09026939698378555
800 0.22256908399867825
1000 0.3810225230117794
