2 0.0023909979790914804
5 0.0038401719939429313
10 0.0043470550153870136
15 0.00806021600146778
20 0.014226036990294233
30 0.02942993599572219
35 0.003727287024958059
40 0.0024185059883166105
45 0.004323683999245986
50 0.003736899991054088
55 0.01042637598584406
60 0.005329803010681644
75 0.006159971002489328
100 0.014460072008660063
110 0.008184046018868685
125 0.010275025997543707
160 0.019230239995522425
200 0.027800349984318018
230 0.015816305996850133
250 0.015411336004035547
350 0.03199248400051147
500 0.06634676500107162
600 0.11248260099091567
800 0.21926884300773963
1000 0.3620593119994737
