2 0.0010353899851907045
5 0.000550838012713939
10 0.0014881719835102558
15 0.0010634879872668535
20 0.0012054510007146746
30 0.001149236981291324
35 0.001338135014520958
40 0.002208163990871981
45 0.003477046004263684
50 0.003551675006747246
55 0.004105942993192002
60 0.00430592498742044
75 0.0035200309939682484
100 0.003085178992478177
110 0.004069627000717446
125 0.0035057860077358782
160 0.004625836998457089
200 0.004762471013236791
230 0.0050250079948455095
250 0.007476605998817831
350 0.010714459989685565
500 0.012997161014936864
600 0.01565613699494861
800 0.029409133014269173
1000 0.04994888699729927
