2 0.0005232419935055077
5 0.0007412119884975255
10 0.0009868990164250135
15 0.0008407779969274998
20 0.0009575409931130707
30 0.0009159710025414824
35 0.0012378719984553754
40 0.002118551987223327
45 0.0021237180044408888
50 0.002416425006231293
55 0.002438818017253652
60 0.0027830330072902143
75 0.003155529993819073
100 0.004085502005182207
110 0.003925928001990542
125 0.004946944012772292
160 0.008744252001633868
200 0.00614662398584187
230 0.006284903007326648
250 0.006917237013112754
350 0.008799996983725578
500 0.013642510020872578
600 0.01670086698140949
800 0.033919317997060716
1000 0.054274987982353196
