2 0.001171476993476972
5 0.0011373099987395108
10 0.002426766004646197
15 0.0035848199913743883
20 0.012521095981355757
30 0.041339426999911666
35 0.08317487500607967
40 0.04804380299174227
45 0.03627066398621537
50 0.01797556399833411
55 0.003739615000085905
60 0.003657567984191701
75 0.002844706003088504
100 0.004690722998930141
110 0.00574644302832894
125 0.006361323001328856
160 0.007792689022608101
200 0.009032902016770095
230 0.011307815002510324
250 0.007937357004266232
350 0.011761125002522022
500 0.027100940991658717
600 0.02457354700891301
800 0.05584483899292536
1000 0.10211825798614882
