2 0.001240274985320866
5 0.0009260350198019296
10 0.0019631810137070715
15 0.00332307699136436
20 0.0056239760015159845
30 0.01070313699892722
35 0.001777391997165978
40 0.0018827510066330433
45 0.001957647007657215
50 0.002015379985095933
55 0.0023034449841361493
60 0.002318762009963393
75 0.0028591029986273497
100 0.004772165004396811
110 0.007212722994154319
125 0.004764434008393437
160 0.006314505997579545
200 0.00942466699052602
230 0.012094653997337446
250 0.014595633023418486
350 0.029940153006464243
500 0.09901852998882532
600 0.14701173899811693
800 0.22659178101457655
1000 0.5728691100084689
