2 0.0030138230067677796
5 0.0020437900093384087
10 0.0038437570037785918
15 0.005992546008201316
20 0.013401578005868942
30 0.027076058002421632
35 0.001874328008852899
40 0.003193612996255979
45 0.0033298050111625344
50 0.0034918219898827374
55 0.0034214820188935846
60 0.0031424140033777803
75 0.007995518011739478
100 0.004531466023763642
110 0.004363850981462747
125 0.0061591519915964454
160 0.007371766987489536
200 0.009417095978278667
230 0.011366136983269826
250 0.012965454981895164
350 0.024012716981815174
500 0.052637690998381004
600 0.0897045360179618
800 0.20796208298997954
1000 0.3596049969783053
