2 0.001290457003051415
5 0.0012060510052833706
10 0.0009614760056138039
15 0.001143308007158339
20 0.0017439649964217097
30 0.0008520499977748841
35 0.002026092988671735
40 0.002826265001203865
45 0.002788963000057265
50 0.0024414810177404433
55 0.0023479299852624536
60 0.0027917800180148333
75 0.002093126007821411
100 0.0034992189903277904
110 0.004795435001142323
125 0.005078087997389957
160 0.006534221000038087
200 0.0070305139815900475
230 0.008245889999670908
250 0.007819643011316657
350 0.013646193983731791
500 0.024127499025780708
600 0.01706300801015459
800 0.037489389011170715
1000 0.05502747397986241
