2 0.0011675280111376196
5 0.000930468988372013
10 0.001958248991286382
15 0.005306798004312441
20 0.007693293009651825
30 0.015286331996321678
35 0.002068166999379173
40 0.004159335017902777
45 0.002986475999932736
50 0.0036122410092502832
55 0.0041241219732910395
60 0.0047986130230128765
75 0.004650401009712368
100 0.005139852990396321
110 0.005232905998127535
125 0.006562496011611074
160 0.007438150001689792
200 0.009182499983580783
230 0.009160203975625336
250 0.01076993002789095
350 0.016498540004249662
500 0.024130555015290156
600 0.028265573986573145
800 0.05871999799273908
1000 0.12107262099743821
