2 0.0015112550172489136
5 0.0008683819905854762
10 0.001893598004244268
15 0.003295290021924302
20 0.005801538995001465
30 0.011197789979632944
35 0.0017459109949413687
40 0.001833707996411249
45 0.0018692149897105992
50 0.0020934679778292775
55 0.002333065989660099
60 0.0024313269823323935
75 0.0034113519941456616
100 0.00482234699302353
110 0.005215459008468315
125 0.00585883398889564
160 0.007800551975378767
200 0.01098575399373658
230 0.016647153010126203
250 0.01463675798731856
350 0.029440854996209964
500 0.10438205100945197
600 0.21740220999345183
800 0.38674268501927145
1000 0.7621828350238502
