2 0.002004452020628378
5 0.0013552729797083884
10 0.003546394989825785
15 0.006987403001403436
20 0.009788142022443935
30 0.01826133200665936
35 0.002365797001402825
40 0.00199096099822782
45 0.002467581012751907
50 0.004643369000405073
55 0.007235277007566765
60 0.005764054018072784
75 0.0070878319966141135
100 0.006334792997222394
110 0.005929369013756514
125 0.006344967987388372
160 0.012609299999894574
200 0.01548429299145937
230 0.03254155398462899
250 0.02403048798441887
350 0.04211271699750796
500 0.06146213901229203
600 0.23677681002300233
800 0.2826426970132161
1000 0.730330866004806
