2 0.012868029996752739
5 0.0044782359909731895
10 0.0017425410042051226
15 0.001259517011931166
20 0.0017476000066380948
30 0.017392177978763357
35 0.0028169089928269386
40 0.0032812209974508733
45 0.0020688120275735855
50 0.0024341579992324114
55 0.0016381820023525506
60 0.002581636013928801
75 0.0038670129724778235
100 0.006279723020270467
110 0.005597792012849823
125 0.004957425990141928
160 0.00867795999511145
200 0.006889693002449349
230 0.008385271998122334
250 0.015915007999865338
350 0.025858517998130992
500 0.023269800993148237
600 0.030882424995070323
800 0.04146192700136453
1000 0.07223419399815612
