2 0.0018830540066119283
5 0.001057896006386727
10 0.0023563090071547776
15 0.0050770149973686785
20 0.010655126010533422
30 0.017922744009410962
35 0.0031104349764063954
40 0.002881477994378656
45 0.003241765982238576
50 0.003670496982522309
55 0.003519635007251054
60 0.0040904569905251265
75 0.005872843990800902
100 0.011659840994980186
110 0.008366669004317373
125 0.009133572020800784
160 0.012949352996656671
200 0.019909522990928963
230 0.03036604099906981
250 0.08242028902168386
350 0.04552267800318077
500 0.10765068398904987
600 0.17700363698531874
800 0.3611154859827366
1000 0.6798241379729006
