2 0.0007893169822636992
5 0.0005832399765495211
10 0.001233140006661415
15 0.0006051299860700965
20 0.000880064006196335
30 0.0015757740184199065
35 0.0010529050196055323
40 0.0026295629795640707
45 0.002184865006711334
50 0.00216716798604466
55 0.0029257709975354373
60 0.0023667130153626204
75 0.002637288998812437
100 0.003622944001108408
110 0.00402291098725982
125 0.004691104986704886
160 0.0048719620099291205
200 0.004663611005526036
230 0.006775985995773226
250 0.005166874994756654
350 0.005704138980945572
500 0.013510301010683179
600 0.022530826972797513
800 0.03872612598934211
1000 0.04156305201468058
