2 0.0006243840034585446
5 0.0009046729828696698
10 0.001190014008898288
15 0.001081344991689548
20 0.0012831470230594277
30 0.001732369972160086
35 0.0023293530102819204
40 0.0017892869946081191
45 0.002111500973114744
50 0.002028955001151189
55 0.002200080984039232
60 0.00241868500597775
75 0.0030247410177253187
100 0.003589608008041978
110 0.0034267199807800353
125 0.003946107986848801
160 0.004731694993097335
200 0.004731402004836127
230 0.0051360900106374174
250 0.005179978994419798
350 0.006831369973951951
500 0.013614440016681328
600 0.019695071008754894
800 0.06384395298664458
1000 0.1301165249897167
