2 0.001336866000201553
5 0.0009174789884127676
10 0.0019900529878214
15 0.003610439016483724
20 0.005423914000857621
30 0.011494990991195664
35 0.0018976230057887733
40 0.0018169200047850609
45 0.0022987709962762892
50 0.002205786993727088
55 0.002028980990871787
60 0.0026536380173638463
75 0.0027614120044745505
100 0.00371785499737598
110 0.005318534997059032
125 0.008523451018845662
160 0.007238838006742299
200 0.009426170989172533
230 0.011032588983653113
250 0.01382486301008612
350 0.021863418980501592
500 0.08474269599537365
600 0.13885522101190872
800 0.13748994198977016
1000 0.2167150060122367
