2 0.001546893996419385
5 0.0013286229805089533
10 0.003015282010892406
15 0.004165888007264584
20 0.005451046978123486
30 0.011457212007371709
35 0.0017570090130902827
40 0.001837886986322701
45 0.0018495979893486947
50 0.0021010230120737106
55 0.0027454009978100657
60 0.002462871983880177
75 0.003707535011926666
100 0.004420483019202948
110 0.004807171993888915
125 0.0061368859896901995
160 0.0082186599902343
200 0.010904337977990508
230 0.014611749007599428
250 0.027504332014359534
350 0.04963670400320552
500 0.08055990497814491
600 0.13419399701524526
800 0.40244847399299033
1000 0.9516193640010897
