2 0.001596743008121848
5 0.0013300610007718205
10 0.00213383900700137
15 0.0036746470141224563
20 0.010496726987184957
30 0.013855347991921008
35 0.0027281749935355037
40 0.0031193939794320613
45 0.003433253994444385
50 0.003725967020727694
55 0.0037667730066459626
60 0.004712680005468428
75 0.004883417976088822
100 0.00609956998960115
110 0.006829234975157306
125 0.006900176987983286
160 0.010357302002375945
200 0.011918103002244607
230 0.013420771982055157
250 0.015774892002809793
350 0.02878253799281083
500 0.07361882700934075
600 0.11311174000729807
800 0.2301999949850142
1000 0.4191564150096383
