2 0.0016164029948413372
5 0.001365402014926076
10 0.0027937830018345267
15 0.003716395003721118
20 0.005528303008759394
30 0.0107537739968393
35 0.0018042500014416873
40 0.0022004110214766115
45 0.001841213001171127
50 0.001956158026587218
55 0.0023837110202293843
60 0.0022451539989560843
75 0.0028277890232857317
100 0.003557585005182773
110 0.006754579022526741
125 0.00590715097496286
160 0.007085498014930636
200 0.009196389990393072
230 0.014265586010878906
250 0.018924831005278975
350 0.05873302899999544
500 0.10950822898303159
600 0.3659708140185103
800 1.1938336769817397
1000 0.4390156490262598
