2 0.0021839310065843165
5 0.0012444999883882701
10 0.004292691999580711
15 0.00600775599014014
20 0.011486942996270955
30 0.024582390004070476
35 0.005057571019278839
40 0.0034553040168248117
45 0.00360109398025088
50 0.005520131002413109
55 0.005333344015525654
60 0.004203743010293692
75 0.005579977005254477
100 0.007440932997269556
110 0.0067768809967674315
125 0.011735234991647303
160 0.011009241978172213
200 0.020324156997958198
230 0.021228022000286728
250 0.023427767009707168
350 0.07468533600331284
500 0.05677114397985861
600 0.08112519301357679
800 0.18672842098749243
1000 0.3289381650101859
