2 0.015458006993867457
5 0.0022473860008176416
10 0.0024115059932228178
15 0.003749472991330549
20 0.0022250289912335575
30 0.0072591940115671605
35 0.004675515985582024
40 0.0015488950011786073
45 0.003986455005360767
50 0.003910535975592211
55 0.003774640994379297
60 0.006445907987654209
75 0.004994249000446871
100 0.004912041971692815
110 0.004372417984995991
125 0.004152080015046522
160 0.01266286798636429
200 0.017110593005781993
230 0.0075233629904687405
250 0.051122771023074165
350 0.012933224003063515
500 0.02370288100792095
600 0.029254351975396276
800 0.039699767978163436
1000 0.049933964997762814
