2 0.0014267000078689307
5 0.0010362319881096482
10 0.0019340580038260669
15 0.003289638989372179
20 0.006171101005747914
30 0.011548982001841068
35 0.001784233987564221
40 0.001897857990115881
45 0.0020151689823251218
50 0.0020640320144593716
55 0.002384118997724727
60 0.00237683899467811
75 0.0028094250010326505
100 0.003667705983389169
110 0.00416186498478055
125 0.004737178998766467
160 0.0067213900038041174
200 0.010298989014700055
230 0.013333306997083127
250 0.01725483499467373
350 0.031031703983899206
500 0.0826658729929477
600 0.12142210500314832
800 0.2561764989804942
1000 0.45557145701604895
