2 0.0004785390046890825
5 0.0003761099942494184
10 0.00041946698911488056
15 0.0006793510110583156
20 0.0005714650033041835
30 0.0009669239807408303
35 0.0007542379898950458
40 0.001000563002889976
45 0.001112213998567313
50 0.0008923250134103
55 0.002080599981127307
60 0.003536858013831079
75 0.0033237700117751956
100 0.00394461301038973
110 0.003252624999731779
125 0.004461896984139457
160 0.005609076004475355
200 0.005637302005197853
230 0.006950326001970097
250 0.008184189995517954
350 0.008716668002307415
500 0.014439257996855304
600 0.01965505798580125
800 0.0334776199888438
1000 0.04976678598904982
