2 0.0015529520169366151
5 0.0009371449996251613
10 0.0021530400263145566
15 0.004729000007500872
20 0.007874160975916311
30 0.01669124700129032
35 0.0030030179768800735
40 0.0029557110101450235
45 0.0031915479921735823
50 0.003697647014632821
55 0.0037650839949492365
60 0.004373160016257316
75 0.005207455018535256
100 0.00568657202529721
110 0.007047580991638824
125 0.0065779889991972595
160 0.011491188022773713
200 0.014980317006120458
230 0.016585442004725337
250 0.017220345995156094
350 0.026469870004802942
500 0.06203865600400604
600 0.1394947959925048
800 0.2926704199926462
1000 0.5835398679773789
