2 0.0017026030109263957
5 0.0008934130019042641
10 0.0019092050206381828
15 0.003308009007014334
20 0.008823573007248342
30 0.01125331298680976
35 0.0016808180080261081
40 0.0017650899826548994
45 0.0020559700205922127
50 0.002004956011660397
55 0.00228990099276416
60 0.0023510100145358592
75 0.0032341759942937642
100 0.0045469629985746
110 0.004448134015547112
125 0.005877748015336692
160 0.008120126993162557
200 0.01068661900353618
230 0.011762273003114387
250 0.013678097020601854
350 0.02472456099349074
500 0.06748985400190577
600 0.14783245901344344
800 0.23650270100915805
1000 0.41138273500837386
