2 0.03321931400569156
5 0.002302658016560599
10 0.002243752998765558
15 0.0016868469829205424
20 0.00478124400251545
30 0.005511803989065811
35 0.002455651992931962
40 0.0018125409842468798
45 0.0018028170161414891
50 0.0017510770121589303
55 0.0015527390060015023
60 0.0017570119816809893
75 0.001816397998481989
100 0.0040873280086088926
110 0.0022493410215247422
125 0.0023605769965797663
160 0.016374752012779936
200 0.0037519129982683808
230 0.0042420559911988676
250 0.004714592010714114
350 0.00911689901840873
500 0.024923721997765824
600 0.026227244990877807
800 0.05497046199161559
1000 0.07303348198183812
