2 0.0011524250148795545
5 0.0014276430010795593
10 0.0017580400162842125
15 0.001681478985119611
20 0.0018337820074521005
30 0.0021763840049970895
35 0.0018158289894927293
40 0.00260901398723945
45 0.0019574399921111763
50 0.001997451006900519
55 0.002218651003204286
60 0.002319260995136574
75 0.0025627230061218143
100 0.003810841008089483
110 0.004192363005131483
125 0.0042114910029340535
160 0.006901390006532893
200 0.007152723002946004
230 0.005257223005173728
250 0.00558899698080495
350 0.007631485001184046
500 0.021327566995751113
600 0.02614865600480698
800 0.05685584800085053
1000 0.08238274298491888
