2 0.0014229190128389746
5 0.0008449339948128909
10 0.0034871710231527686
15 0.003582191013265401
20 0.003201607003575191
30 0.0016398080042563379
35 0.0030413659987971187
40 0.0028513350116554648
45 0.0027684529777616262
50 0.0036415600043255836
55 0.0037139769992791116
60 0.0026280899764969945
75 0.00358945201151073
100 0.004371123010059819
110 0.00470081198727712
125 0.008650464995298535
160 0.02781936200335622
200 0.013998736016219482
230 0.008616068022092804
250 0.012728736997814849
350 0.016794839000795037
500 0.03668036698945798
600 0.03137552601401694
800 0.054900992021430284
1000 0.05757292700582184
