2 0.0011926819861400872
5 0.0009152389829978347
10 0.0019337720004841685
15 0.003339935006806627
20 0.008106647001113743
30 0.02063480601646006
35 0.002106839994667098
40 0.0028574450116138905
45 0.0034935740113724023
50 0.0032602569845039397
55 0.0040946789958979934
60 0.004300170985516161
75 0.004833226004848257
100 0.006057975988369435
110 0.006141021003713831
125 0.0065060899942182004
160 0.010230028012301773
200 0.014821532997302711
230 0.01231953699607402
250 0.015545709000434726
350 0.030736087006516755
500 0.06571700601489283
600 0.1103563960059546
800 0.2329710349731613
1000 0.453731349989539
