2 0.0009721219830680639
5 0.0016277749964501709
10 0.001505115011241287
15 0.0016654960054438561
20 0.001746416004607454
30 0.002251308993436396
35 0.0026239220169372857
40 0.0027168829983565956
45 0.002996544004417956
50 0.003114482999080792
55 0.00273895199643448
60 0.0035328879894223064
75 0.004169303982052952
100 0.004371424001874402
110 0.005272598995361477
125 0.0056237890094053
160 0.007772050972562283
200 0.008310414996230975
230 0.01911058000405319
250 0.030085517006227747
350 0.012806406972231343
500 0.026470746990526095
600 0.07722825999371707
800 0.22188224899582565
1000 0.09952606400474906
