2 0.0013280900020617992
5 0.0009014690003823489
10 0.0021668809931725264
15 0.003341526025906205
20 0.006967007997445762
30 0.013904852996347472
35 0.0021297399944160134
40 0.0019441080221440643
45 0.003466997994109988
50 0.002368808985920623
55 0.0032275190169457346
60 0.002533146005589515
75 0.004771039995830506
100 0.005964887997834012
110 0.007184106012573466
125 0.005098253022879362
160 0.010223282006336376
200 0.014226439001504332
230 0.023678280995227396
250 0.02199384299456142
350 0.06256305199349299
500 0.08233714400557801
600 0.11506589100463316
800 0.2425704050110653
1000 0.42385829699924216
