2 0.002692798007046804
5 0.005456455022795126
10 0.005086777993710712
15 0.012226677994476631
20 0.01247936298022978
30 0.03587388602318242
35 0.0028380629955790937
40 0.004257813008734956
45 0.006543480005348101
50 0.005171925004106015
55 0.010746812971774489
60 0.00650393997784704
75 0.007640796015039086
100 0.014911744015989825
110 0.02264454000396654
125 0.011911810986930504
160 0.019899634004104882
200 0.032235237973509356
230 0.02557143001467921
250 0.0347805859928485
350 0.04802677300176583
500 0.10112544699222781
600 0.19817360199522227
800 0.4091892880096566
1000 0.6494740640046075
