2 0.0013568710128311068
5 0.002535080013331026
10 0.0030532689997926354
15 0.00765487999888137
20 0.009663203993113711
30 0.025473618996329606
35 0.0034540359920356423
40 0.004502540017710999
45 0.0039234750147443265
50 0.006970917020225897
55 0.006310319004114717
60 0.004202577983960509
75 0.005154515994945541
100 0.005654559994582087
110 0.0067791570036206394
125 0.005843777995323762
160 0.006803358992328867
200 0.007613152003614232
230 0.011669933999655768
250 0.012227496015839279
350 0.01956988501478918
500 0.035000872012460604
600 0.03620293000130914
800 0.07703254098305479
1000 0.1072941790043842
