2 0.001153696997789666
5 0.0008890650060493499
10 0.0019002289918716997
15 0.003341298986924812
20 0.00824033102253452
30 0.013823493995005265
35 0.0025863469927571714
40 0.00264054600847885
45 0.0019597090140450746
50 0.002094969997415319
55 0.002318342012586072
60 0.002331700990907848
75 0.0029947650036774576
100 0.0037482830230146646
110 0.003908748010871932
125 0.004855266975937411
160 0.006173319008667022
200 0.009712087019579485
230 0.013362366997171193
250 0.014420355000765994
350 0.0338741350278724
500 0.08155628101667389
600 0.12627334700664505
800 0.23943722099647857
1000 0.4636198640218936
