2 0.0012294579937588423
5 0.0008791759901214391
10 0.0008670520037412643
15 0.0009532249823678285
20 0.0009820990089792758
30 0.0011931539920624346
35 0.001385770010529086
40 0.0019979470234829932
45 0.0034540590131655335
50 0.0026771580160129815
55 0.001997259008930996
60 0.0026211650110781193
75 0.002105453022522852
100 0.0035276139969937503
110 0.003025138983502984
125 0.004031019983813167
160 0.003407790994970128
200 0.0037141030188649893
230 0.0039168559887912124
250 0.007747222000034526
350 0.020197367994114757
500 0.02302888099802658
600 0.020593837019987404
800 0.04630738199921325
1000 0.05046364199370146
