2 0.0004727249906864017
5 0.0006119539903011173
10 0.0005934869986958802
15 0.0007554040057584643
20 0.0007342899916693568
30 0.0009876609838102013
35 0.0008959589758887887
40 0.0012070820084773004
45 0.0009703510149847716
50 0.001914261985803023
55 0.002394481998635456
60 0.002551943005528301
75 0.002934265008661896
100 0.003768040012801066
110 0.003007149003678933
125 0.004933997988700867
160 0.004868721996899694
200 0.005265518004307523
230 0.00586051499703899
250 0.02356032998068258
350 0.011017771001206711
500 0.014866173005430028
600 0.015367913991212845
800 0.025723258004290983
1000 0.05149700297624804
