2 0.00046252598986029625
5 0.0006220920186024159
10 0.0006221810181159526
15 0.0008045040012802929
20 0.0006938199803698808
30 0.0009784319845493883
35 0.0008668689988553524
40 0.0010541740048211068
45 0.0011694470013026148
50 0.0018174579890910536
55 0.0027320349763613194
60 0.00278397899819538
75 0.0030426759913098067
100 0.0035461439983919263
110 0.003513129981001839
125 0.004024346999358386
160 0.005552356014959514
200 0.004793860018253326
230 0.006244548014365137
250 0.007466178998583928
350 0.011090969986980781
500 0.0164507040171884
600 0.01913957399665378
800 0.024728316988330334
1000 0.03616574499756098
