2 0.0004773779946845025
5 0.0006058139842934906
10 0.001004390011075884
15 0.0009155019943136722
20 0.001041591982357204
30 0.0010819919989444315
35 0.0013989770086482167
40 0.0015220520144794136
45 0.002471686020726338
50 0.0023148609907366335
55 0.0024961720046121627
60 0.002874109981348738
75 0.0033383490226697177
100 0.0035707649949472398
110 0.003506245993776247
125 0.004316749982535839
160 0.005173637007828802
200 0.005632057989714667
230 0.006655809003859758
250 0.005686100979801267
350 0.006693017989164218
500 0.011955187015701085
600 0.01657864698790945
800 0.04140929799177684
1000 0.05964459199458361
