2 0.0011686490033753216
5 0.0009391179773956537
10 0.0019083360093645751
15 0.004781725991051644
20 0.006182671000715345
30 0.01096200998290442
35 0.0022246669977903366
40 0.0028286690067034215
45 0.0019511620048433542
50 0.0020768299873452634
55 0.0022706649906467646
60 0.0028815509867854416
75 0.0027567590004764497
100 0.0035230889916419983
110 0.0037741400010418147
125 0.005423740978585556
160 0.006749174994183704
200 0.009730426012538373
230 0.012511134991655126
250 0.017897780024213716
350 0.03168422100134194
500 0.06908081399160437
600 0.1256617020117119
800 0.28754864502116106
1000 0.48325173498596996
