2 0.0013905030209571123
5 0.0009620249911677092
10 0.0019957569893449545
15 0.0033037239918485284
20 0.007107701007043943
30 0.017502119997516274
35 0.0025468080129940063
40 0.002868790994398296
45 0.0033984369947575033
50 0.005162458983249962
55 0.004444306017830968
60 0.003717305982718244
75 0.0051288029935676605
100 0.006158794014481828
110 0.006470744003308937
125 0.006976290984312072
160 0.009110779996262863
200 0.012085484981071204
230 0.010910409997450188
250 0.013557629979914054
350 0.02179704498848878
500 0.0418393480067607
600 0.06467743398388848
800 0.12757957898429595
1000 0.28161986300256103
