2 0.0015426070021931082
5 0.0008324549999088049
10 0.0020219220023136586
15 0.00336683401837945
20 0.007039156014798209
30 0.01872990297852084
35 0.004011851007817313
40 0.003103152004769072
45 0.0038309009978547692
50 0.0038437959738075733
55 0.0038989939785096794
60 0.0050562449905555695
75 0.004703571001300588
100 0.0064699210051912814
110 0.006946309003978968
125 0.008384397020563483
160 0.011354667018167675
200 0.015047352004330605
230 0.017245093011297286
250 0.014973423007177189
350 0.03542249099700712
500 0.09677967699826695
600 0.23045729601290077
800 0.23808266801643185
1000 0.6913975460047368
