2 0.002877585997339338
5 0.0020483170228544623
10 0.010627216019202024
15 0.007220447005238384
20 0.01134221299435012
30 0.02163003699388355
35 0.0018712429737206548
40 0.0017966109735425562
45 0.0021080379956401885
50 0.002055314020253718
55 0.002212685998529196
60 0.0023181439901236445
75 0.0031281700066756457
100 0.004855212988331914
110 0.004818988993065432
125 0.005587902996921912
160 0.007291713991435245
200 0.008930516021791846
230 0.012376313010463491
250 0.017790865997085348
350 0.04811405198415741
500 0.055962882994208485
600 0.0887169920024462
800 0.22219145399867557
1000 0.3875941069854889
