2 0.001566241990076378
5 0.0009170429839286953
10 0.0019724640005733818
15 0.0037497040175367147
20 0.007556675001978874
30 0.011866895976709202
35 0.003003058984177187
40 0.002496041008271277
45 0.0020114910148549825
50 0.002007646980928257
55 0.002674637013114989
60 0.004601346008712426
75 0.0034375459945295006
100 0.004011562006780878
110 0.00638515900936909
125 0.005371937993913889
160 0.006204534991411492
200 0.010356718004914
230 0.014930853008991107
250 0.01517648101435043
350 0.023850933997891843
500 0.044757246010703966
600 0.10616809700150043
800 0.16998960499768145
1000 0.24579779501073062
