2 0.0025031660043168813
5 0.0016905069933272898
10 0.0036299130006227642
15 0.006826693977927789
20 0.012979582999832928
30 0.023409635992720723
35 0.006512300984468311
40 0.00514301098883152
45 0.003715829981956631
50 0.004027366987429559
55 0.003999754990218207
60 0.004517279012361541
75 0.005259448022115976
100 0.00719012098852545
110 0.012256221001734957
125 0.009021243982715532
160 0.010646745009580627
200 0.014968380011850968
230 0.013101383985485882
250 0.01204058199073188
350 0.02168555001844652
500 0.04920411799685098
600 0.0681996280036401
800 0.1848163210088387
1000 0.7294568789948244
