2 0.00048816102207638323
5 0.0003729489981196821
10 0.00041877798503264785
15 0.0007690769853070378
20 0.0005526559834834188
30 0.0008013640181161463
35 0.000750292994780466
40 0.0009734160266816616
45 0.0008464290003757924
50 0.0012874979875050485
55 0.002081338025163859
60 0.00218449198291637
75 0.0031186789856292307
100 0.005161605018656701
110 0.005096356006106362
125 0.0041895520116668195
160 0.005346708989236504
200 0.006480204989202321
230 0.005201145977480337
250 0.00826809200225398
350 0.35201974399387836
500 0.012777431024005637
600 0.018439864012179896
800 0.03805127600207925
1000 0.07588599901646376
