2 0.000674558017635718
5 0.0010514349851291627
10 0.0014254649868234992
15 0.0009832369978539646
20 0.0015326129796449095
30 0.00174429701291956
35 0.002635299984831363
40 0.002340161008760333
45 0.002146815008018166
50 0.0028026470099575818
55 0.002337622980121523
60 0.002517032000469044
75 0.003034889989066869
100 0.0035760730097535998
110 0.0040763720171526074
125 0.005562875012401491
160 0.0065275770029984415
200 0.00929472001735121
230 0.009388829988893121
250 0.007892109017120674
350 0.009595486975740641
500 0.015217006992315874
600 0.017318486992735416
800 0.03773208198253997
1000 0.05413243101793341
