2 0.0008498609822709113
5 0.0008077159873209894
10 0.0009140410111285746
15 0.0008246750221587718
20 0.0008987680193968117
30 0.0008161889854818583
35 0.002153062989236787
40 0.0028523570217657834
45 0.0013653180212713778
50 0.0018483989988453686
55 0.0017027389840222895
60 0.0026121940172743052
75 0.002471527986926958
100 0.003461348998825997
110 0.004090141010237858
125 0.005293830996379256
160 0.006292808015132323
200 0.006450004002545029
230 0.007578908989671618
250 0.0072710370004642755
350 0.007577428012154996
500 0.01434562899521552
600 0.018505296000512317
800 0.03786537499399856
1000 0.04398603699519299
