2 0.0004564239934552461
5 0.000579686980927363
10 0.0005513439828064293
15 0.0007886860112193972
20 0.000668504013447091
30 0.000926022999919951
35 0.0008497379894834012
40 0.0011748189863283187
45 0.0009808980103116482
50 0.0017355649906676263
55 0.002239119989098981
60 0.0024302249948959798
75 0.0018636920140124857
100 0.003439978987444192
110 0.0024891970097087324
125 0.004312447999836877
160 0.004966481006704271
200 0.006614665995584801
230 0.006780275027267635
250 0.007243156986078247
350 0.005989565019262955
500 0.012878004985395819
600 0.014051784004550427
800 0.02664152000215836
1000 0.04104818802443333
