2 0.0021618650062009692
5 0.0016403369954787195
10 0.003606092999689281
15 0.0050992139731533825
20 0.009488518990110606
30 0.020750102994497865
35 0.004751505999593064
40 0.0033499859855510294
45 0.003692300000693649
50 0.0034962400095537305
55 0.004057582002133131
60 0.0028957329923287034
75 0.007038320007268339
100 0.007838566991267726
110 0.006056424987036735
125 0.008776497998042032
160 0.014214513008482754
200 0.0192333759914618
230 0.02239953601383604
250 0.027097854006569833
350 0.040403477993095294
500 0.086644522001734
600 0.17820914200274274
800 0.43507838700315915
1000 0.4989968690206297
