2 0.0004824399948120117
5 0.0003720379900187254
10 0.0004176790243946016
15 0.0006818890105932951
20 0.0005545629828702658
30 0.0008064989815466106
35 0.0008728610118851066
40 0.0009529240196570754
45 0.0008746270032133907
50 0.0011236190039198846
55 0.0024654020089656115
60 0.0027001819980796427
75 0.0032409949926659465
100 0.004101823986275122
110 0.002872882003430277
125 0.004407749976962805
160 0.005628119979519397
200 0.006463390978751704
230 0.0065051629790104926
250 0.008095358003629372
350 0.009799713006941602
500 0.015767646982567385
600 0.018211412010714412
800 0.04156259700539522
1000 0.05008360999636352
