2 0.00118440599180758
5 0.0009206430113408715
10 0.002267667994601652
15 0.0033243510115426034
20 0.009255968005163595
30 0.01519827000447549
35 0.003199049999238923
40 0.0020863949903286994
45 0.0020803719817195088
50 0.0037056109867990017
55 0.004088230984052643
60 0.004357085010269657
75 0.00487162999343127
100 0.005931918014539406
110 0.006873201986309141
125 0.007993565988726914
160 0.008582934009609744
200 0.01515243700123392
230 0.013775622996035963
250 0.015774105006130412
350 0.0353270219929982
500 0.06630305599537678
600 0.12282345601124689
800 0.23611496400553733
1000 0.4395024370169267
