2 0.00046353600919246674
5 0.0007774010009597987
10 0.0010316300031263381
15 0.0009048110223375261
20 0.0010771029919851571
30 0.0010450500121805817
35 0.0012638699845410883
40 0.0014901359973009676
45 0.0023863009992055595
50 0.002534868981456384
55 0.0025010649987962097
60 0.0023029400035738945
75 0.0029784979997202754
100 0.003790235990891233
110 0.004141985991736874
125 0.0042079339909832925
160 0.005437802989035845
200 0.005697892978787422
230 0.00588497897842899
250 0.007413013983750716
350 0.008252454019384459
500 0.012021118018310517
600 0.018616556015331298
800 0.052672427002107725
1000 0.061710336012765765
