2 0.0005137879925314337
5 0.0004003409994766116
10 0.00039602897595614195
15 0.00044322299072518945
20 0.000559840991627425
30 0.0008515630033798516
35 0.0008828559948597103
40 0.000982708006631583
45 0.0009029399952851236
50 0.001551705994643271
55 0.002237053995486349
60 0.0018443329900037497
75 0.0028344309830572456
100 0.0033384719863533974
110 0.003922277974197641
125 0.0045898460084572434
160 0.005660205002641305
200 0.004375943972263485
230 0.006862332986202091
250 0.008966408000560477
350 0.008898098021745682
500 0.01382290298352018
600 0.01664354099193588
800 0.03877282899338752
1000 0.04558053700020537
