2 0.0018086830095853657
5 0.0009181780042126775
10 0.0019165689882356673
15 0.0038630010094493628
20 0.009044849983183667
30 0.034477108012652025
35 0.003452397999353707
40 0.00731108701438643
45 0.002996185008669272
50 0.004739046999020502
55 0.0057315849990118295
60 0.0034628800058271736
75 0.012767533014994115
100 0.009549934999085963
110 0.010235357010969892
125 0.015160235023358837
160 0.015529908996541053
200 0.018807533982908353
230 0.02076589802163653
250 0.019489563012029976
350 0.029942930006654933
500 0.0627479940012563
600 0.1362634350080043
800 0.5138145970122423
1000 1.3609667260025162
