2 0.0024774659832473844
5 0.001899241004139185
10 0.003248421009629965
15 0.006572758982656524
20 0.010476907016709447
30 0.02301136401365511
35 0.002723074983805418
40 0.002151581982616335
45 0.0024532130046281964
50 0.0024226079985965043
55 0.0022978479973971844
60 0.002510526974219829
75 0.0031300320115406066
100 0.003641047020209953
110 0.004084361018612981
125 0.005013026995584369
160 0.009243070991942659
200 0.006823881005402654
230 0.00877315501566045
250 0.011004572996171191
350 0.0163838810112793
500 0.04558122099842876
600 0.08653252897784114
800 0.14075187398702838
1000 0.39651642099488527
