2 0.0018986650102306157
5 0.001852196000982076
10 0.0024335980124305934
15 0.004043547989567742
20 0.006934230012120679
30 0.017425275000277907
35 0.002937529992777854
40 0.0041150480101350695
45 0.003494634001981467
50 0.00552347899065353
55 0.004703657992649823
60 0.004565914015984163
75 0.006666689005214721
100 0.005926459998590872
110 0.0061112570110708475
125 0.008030353987123817
160 0.00981817502179183
200 0.010971401003189385
230 0.016655150975566357
250 0.016912684019189328
350 0.018548966996604577
500 0.042686512984801084
600 0.07243942501372658
800 0.13352437497815117
1000 0.2296383259817958
