2 0.00047166398144327104
5 0.0008737650059629232
10 0.0009325110004283488
15 0.0008587159973103553
20 0.0012254909961484373
30 0.0012394640070851892
35 0.0012795410002581775
40 0.001411069999448955
45 0.001952452992554754
50 0.002136805996997282
55 0.002127599000232294
60 0.0027571640093810856
75 0.00283423499786295
100 0.0032768530072644353
110 0.00354385600076057
125 0.004276941006537527
160 0.005568867985857651
200 0.005916293011978269
230 0.007132169994292781
250 0.007651879015611485
350 0.008339261985383928
500 0.018947840988403186
600 0.01659293900593184
800 0.031852680986048654
1000 0.4286789960169699
