2 0.0004589049785863608
5 0.0005514679942280054
10 0.0011043819831684232
15 0.0008506330195814371
20 0.001082510018022731
30 0.0010517759947106242
35 0.0012581010232679546
40 0.0013804019836243242
45 0.0024226349778473377
50 0.002491460007149726
55 0.0030577859724871814
60 0.003561223013093695
75 0.0026844410167541355
100 0.004283215006580576
110 0.0036810449964832515
125 0.0048917559906840324
160 0.005258827994111925
200 0.005162285000551492
230 0.006542818009620532
250 0.007245843997225165
350 0.010794688016176224
500 0.01497392900637351
600 0.02008118000230752
800 0.03370716600329615
1000 0.07385093299672008
