2 0.0009246100089512765
5 0.000477269000839442
10 0.0007028749969322234
15 0.0006166610110085458
20 0.000729675026377663
30 0.000675908027915284
35 0.00109674601117149
40 0.0008198379946406931
45 0.0012042059970553964
50 0.0018313819891773164
55 0.0019273579819127917
60 0.0016380480083171278
75 0.0019203999836463481
100 0.0023353889991994947
110 0.003842271980829537
125 0.004455454996787012
160 0.0055318360100500286
200 0.006522961979499087
230 0.0076534340041689575
250 0.008108074020128697
350 0.016061089001595974
500 0.016684217000147328
600 0.025129765999736264
800 0.03440295098698698
1000 0.04421519298921339
