2 0.0011971390049438924
5 0.0010702460131142288
10 0.002073937008390203
15 0.0033703779918141663
20 0.01016821400844492
30 0.01673056199797429
35 0.0028213540208525956
40 0.002075845986837521
45 0.002376775984885171
50 0.0022884749923832715
55 0.0023923669941723347
60 0.0025343870220240206
75 0.0027201029879506677
100 0.0035599059774540365
110 0.003969412005972117
125 0.004651807015761733
160 0.006026706978445873
200 0.009977781010093167
230 0.01051745901349932
250 0.01274145400384441
350 0.02135912299854681
500 0.06442593998508528
600 0.07214453400229104
800 0.1776554250100162
1000 0.5715531680034474
