2 0.0009778189996723086
5 0.0014223460166249424
10 0.001003031007712707
15 0.0013985969999339432
20 0.0010384029883425683
30 0.0017304909997619689
35 0.0020150299824308604
40 0.002705799008253962
45 0.0018958279979415238
50 0.0024397799861617386
55 0.0030254190205596387
60 0.002432442008284852
75 0.0029599799891002476
100 0.002441663993522525
110 0.003483267006231472
125 0.0044536099885590374
160 0.005428128002677113
200 0.009250294009689242
230 0.007326277001993731
250 0.009347683982923627
350 0.012356851977529004
500 0.02446533797774464
600 0.040620232000947
800 0.07972532600979321
1000 0.09077857801457867
