2 0.0017166210163850337
5 0.0020953580096829683
10 0.0019325600005686283
15 0.002224805997684598
20 0.0019582520180847496
30 0.0024449439952149987
35 0.0024768970033619553
40 0.00363059900701046
45 0.002160289994208142
50 0.004653434996725991
55 0.0020238029828760773
60 0.0036779310030397028
75 0.0028015349816996604
100 0.003866645012749359
110 0.00411506398813799
125 0.017153779015643522
160 0.010419655009172857
200 0.007900836993940175
230 0.009035336988745257
250 0.00819752798997797
350 0.014563945995178074
500 0.3076707180007361
600 0.016962672991212457
800 0.03158703100052662
1000 0.05134513700613752
